0_0	1_346	98.795	249	3	0	1	249	1	249	0.0	511
0_1	1_377	99.315	438	3	0	1	438	1	438	0.0	909
0_1	1_43	98.858	438	5	0	1	438	1	438	0.0	903
0_1	1_31	83.824	272	31	2	159	430	1	259	7.36e-168	467
0_2	1_98	93.379	589	39	0	1	589	1	589	0.0	1166
0_3	1_361	96.825	630	20	0	1	630	1	630	0.0	1290
0_4	1_326	90.625	416	39	0	1	416	1	416	0.0	795
0_5	1_84	56.397	383	125	3	33	373	251	633	1.62e-143	416
0_5	1_85	64.486	214	74	1	1	214	63	274	3.87e-99	292
0_5	1_106	36.908	401	202	8	17	368	30	428	6.86e-76	236
0_5	1_11	37.084	391	195	8	27	368	32	420	7.64e-75	233
0_5	1_126	52.174	230	105	2	149	373	2	231	8.23e-75	227
0_5	1_364	36.409	401	204	8	17	368	75	473	1.99e-73	231
0_5	1_180	34.264	394	199	11	31	371	31	417	9.22e-63	202
0_5	1_278	37.282	287	139	4	122	371	3	285	4.54e-58	186
0_5	1_81	38.745	271	118	6	148	371	6	275	1.62e-51	168
0_5	1_41	35.178	253	120	5	152	369	2	245	2.42e-42	144
0_5	1_30	34.545	275	127	8	149	371	2	275	6.12e-42	143
0_5	1_10	34.413	247	113	6	174	371	1	247	1.30e-34	123
0_5	1_352	29.787	282	164	10	56	311	42	315	6.81e-24	96.3
0_5	1_77	30.743	296	169	11	38	312	25	305	6.36e-21	87.8
0_5	1_374	26.866	268	171	9	60	307	42	304	1.20e-17	78.2
0_5	1_21	30.851	188	112	4	97	283	1453	1623	5.35e-17	77.8
0_5	1_296	32.500	160	104	4	56	213	1656	1813	8.40e-16	73.9
0_5	1_185	27.984	243	134	8	99	307	1	236	6.14e-15	69.7
0_5	1_292	27.439	164	112	6	52	212	43	202	5.39e-07	44.7
0_6	1_196	99.405	168	1	0	1	168	1	168	1.09e-123	340
0_7	1_353	85.915	568	78	2	1	568	1	566	0.0	1025
0_8	1_241	62.712	354	131	1	1	353	1	354	1.84e-162	454
0_9	1_113	95.215	209	10	0	1	209	1	209	1.36e-125	348
0_10	1_368	89.851	335	22	3	1	324	1	334	1.10e-139	394
0_11	1_111	36.449	107	58	3	1	99	1	105	8.51e-17	67.0
0_12	1_415	97.209	430	12	0	1	430	1	430	0.0	867
0_13	1_82	92.565	1076	71	4	1	1068	1	1075	0.0	1618
0_14	1_318	96.296	351	13	0	1	351	1	351	0.0	692
0_15	1_192	50.000	190	94	1	184	373	833	1021	4.16e-52	181
0_15	1_192	41.667	132	65	3	1	130	1	122	1.21e-26	106
0_15	1_192	36.434	129	61	2	87	194	199	327	2.14e-13	66.2
0_15	1_161	34.483	174	96	7	1	163	1	167	9.95e-25	100
0_16	1_118	87.946	589	43	3	82	642	250	838	0.0	1046
0_17	1_355	83.627	397	61	2	1	397	206	598	0.0	664
0_18	1_5	80.896	335	14	2	1	285	22	356	0.0	524
0_18	1_242	25.000	84	63	0	168	251	63	146	6.95e-07	44.7
0_18	1_253	29.630	81	50	3	189	263	270	349	1.33e-04	37.7
0_18	1_337	29.752	121	77	3	169	285	1330	1446	1.72e-04	37.7
0_18	1_315	27.481	131	83	4	161	285	594	718	2.92e-04	37.0
0_18	1_165	26.667	75	53	1	188	260	537	611	2.96e-04	36.6
0_19	1_179	89.316	234	23	2	122	355	1	232	2.09e-135	380
0_19	1_51	44.776	67	37	0	133	199	70	136	2.94e-13	63.9
0_20	1_112	96.862	701	21	1	1	701	1	700	0.0	1403
0_21	1_111	33.333	132	83	3	1	131	1	128	8.13e-18	69.7
0_22	1_57	86.200	471	65	0	1	471	1	471	0.0	825
0_22	1_191	24.554	448	306	14	37	465	33	467	8.56e-15	70.9
0_22	1_121	39.474	38	23	0	62	99	202	239	7.50e-04	36.6
0_23	1_83	80.102	392	73	2	1	392	1	387	0.0	640
0_23	1_127	34.048	373	208	11	23	384	48	393	2.20e-56	185
0_23	1_204	27.327	333	217	5	51	383	1	308	3.75e-43	148
0_23	1_311	30.544	239	136	4	167	385	13	241	3.83e-30	111
0_24	1_391	60.536	261	75	4	5	247	1	251	1.89e-108	309
0_25	1_6	93.363	226	15	0	1	226	1	226	2.30e-159	435
0_26	1_173	73.394	109	29	0	1	109	1	109	4.42e-49	147
0_27	1_70	98.806	335	3	1	269	602	91	425	0.0	694
0_27	1_300	45.312	256	133	5	350	600	959	1212	1.74e-64	224
0_27	1_91	37.037	243	137	8	360	597	65	296	1.55e-40	145
0_27	1_369	29.412	221	145	6	390	601	206	424	1.63e-31	122
0_28	1_223	54.545	165	72	3	8	170	96	259	1.88e-59	195
0_28	1_337	39.306	173	63	3	9	180	99	230	2.47e-34	124
0_28	1_296	23.741	139	94	5	22	151	701	836	4.42e-06	41.6
0_29	1_78	94.118	646	16	1	1	624	1	646	0.0	1262
0_30	1_288	94.820	444	22	1	1	443	1	444	0.0	866
0_30	1_365	85.978	271	13	1	1	271	1	246	2.44e-166	464
0_30	1_242	33.935	277	175	3	165	439	4	274	8.30e-48	165
0_30	1_5	21.401	257	180	9	100	347	116	359	3.10e-05	40.8
0_30	1_315	24.088	137	101	3	150	286	531	664	3.19e-05	40.8
0_30	1_188	26.772	127	86	5	143	263	243	368	1.65e-04	38.5
0_31	1_215	93.143	875	51	1	1	875	1	866	0.0	1672
0_32	1_349	82.129	263	47	0	1	263	69	331	1.05e-160	446
0_33	1_398	94.926	808	38	3	1	806	1	807	0.0	1521
0_34	1_406	97.642	424	10	0	1	424	1	424	0.0	840
0_35	1_111	38.519	135	72	7	1	131	1	128	5.65e-19	72.8
0_36	1_247	95.382	563	26	0	1	563	1	563	0.0	1075
0_37	1_111	38.583	127	67	7	1	123	1	120	6.51e-17	68.6
0_38	1_419	94.989	938	47	0	1	938	2	939	0.0	1860
0_39	1_198	90.678	354	33	0	1	354	1	354	0.0	676
0_40	1_211	97.008	1036	31	0	1	1036	3	1038	0.0	2096
0_41	1_116	99.490	196	1	0	1	196	41	236	9.60e-147	402
0_41	1_36	50.704	71	33	1	83	153	73	141	6.41e-15	65.1
0_41	1_22	48.438	64	31	1	87	150	72	133	8.83e-12	57.8
0_41	1_34	46.296	54	22	2	93	142	66	116	1.03e-07	45.8
0_42	1_123	90.545	275	25	1	1	274	1	275	0.0	512
0_42	1_418	87.135	171	22	0	104	274	1	171	1.25e-114	322
0_42	1_151	32.222	90	54	1	14	103	60	142	3.99e-07	45.1
0_43	1_111	45.802	131	66	5	1	129	1	128	1.38e-29	100
0_44	1_3	70.068	147	11	1	1	114	67	213	1.15e-63	200
0_45	1_420	95.129	657	32	0	1	657	1	657	0.0	1290
0_46	1_124	67.760	183	45	2	1	169	1	183	2.68e-86	246
0_46	1_212	33.333	54	34	1	30	83	9	60	8.29e-06	39.7
0_47	1_128	83.730	252	19	2	1	230	611	862	1.09e-146	428
0_47	1_412	69.492	59	17	1	229	287	214	271	1.63e-28	105
0_48	1_159	98.601	143	2	0	1	143	1	143	1.07e-100	280
0_49	1_366	64.417	163	27	1	1	163	1	132	3.37e-70	204
0_49	1_350	34.146	82	52	2	3	83	716	796	7.93e-04	34.3
0_50	1_155	39.298	285	172	1	210	493	575	859	8.42e-51	181
0_50	1_197	38.247	251	155	0	210	460	42	292	1.25e-49	169
0_50	1_24	26.522	230	147	6	267	483	652	872	1.67e-15	73.9
0_50	1_350	27.273	143	89	3	350	483	549	685	6.51e-06	43.1
0_51	1_267	92.784	97	7	0	20	116	38	134	2.89e-61	196
0_52	1_146	58.801	517	203	5	22	536	4	512	0.0	590
0_53	1_0	100.000	385	0	0	1	385	1	385	0.0	804
0_53	1_385	24.265	272	159	6	23	285	243	476	1.05e-16	76.6
0_53	1_385	33.696	92	51	4	284	367	546	635	2.05e-06	44.3
0_54	1_23	88.109	513	61	0	1	513	1	513	0.0	914
0_54	1_217	27.106	273	169	11	21	281	24	278	6.40e-10	55.8
0_54	1_217	27.703	148	86	6	21	156	303	441	1.43e-06	45.1
0_55	1_111	47.414	116	59	2	1	115	1	115	3.69e-30	101
0_56	1_26	92.765	2405	173	1	1	2405	31	2434	0.0	4378
0_57	1_7	85.455	110	16	0	47	156	4	113	7.15e-70	202
0_57	1_360	31.361	169	101	5	3	166	227	385	2.59e-18	76.3
0_57	1_280	28.916	166	104	5	1	165	19	171	7.71e-15	64.3
0_57	1_218	25.694	144	93	4	2	145	181	310	5.43e-13	60.8
0_57	1_14	26.357	129	85	4	2	122	209	335	9.36e-09	48.5
0_57	1_248	30.556	72	48	1	37	108	3	72	2.35e-05	38.5
0_57	1_306	32.759	58	36	1	1	58	223	277	3.22e-05	37.7
0_57	1_404	22.293	157	100	6	2	151	218	359	3.63e-05	37.7
0_57	1_285	22.378	143	96	5	1	141	84	213	5.47e-05	37.0
0_57	1_102	22.378	143	96	5	1	141	216	345	8.82e-05	36.6
0_58	1_309	96.447	394	12	2	1	394	1	392	0.0	786
0_59	1_342	69.735	717	185	9	20	725	1	696	0.0	922
0_60	1_93	85.812	437	54	1	1	429	1	437	0.0	777
0_61	1_75	81.250	416	73	4	1	416	1	411	0.0	701
0_62	1_161	39.011	182	102	4	1	179	1	176	5.53e-36	130
0_62	1_161	31.667	60	36	1	26	80	204	263	8.08e-04	35.4
0_62	1_192	42.623	122	59	2	1	122	1	111	2.20e-28	109
0_62	1_192	44.828	87	41	4	91	174	219	301	2.58e-12	62.0
0_62	1_192	51.667	60	27	1	216	275	837	894	3.65e-06	42.7
0_63	1_231	94.863	292	15	0	1	292	66	357	0.0	552
0_64	1_363	91.772	316	26	0	1	316	1	316	0.0	616
0_65	1_402	88.194	864	51	4	1	855	1	822	0.0	1477
0_66	1_163	91.803	122	10	0	1	122	1	122	4.69e-78	221
0_67	1_63	93.256	430	27	1	1	428	6	435	0.0	811
0_67	1_272	36.726	226	121	5	130	335	383	606	2.14e-41	151
0_67	1_272	33.023	215	130	3	123	335	347	549	2.40e-33	127
0_67	1_272	29.365	252	118	4	120	318	401	645	1.99e-31	122
0_67	1_272	34.483	174	99	3	128	299	494	654	2.15e-28	112
0_67	1_272	27.861	201	110	4	166	331	288	488	1.31e-21	92.4
0_67	1_272	25.197	127	65	3	216	338	282	382	1.75e-05	41.6
0_67	1_62	33.171	205	127	3	128	331	242	437	3.24e-38	141
0_67	1_62	35.071	211	117	4	125	327	178	376	8.54e-35	131
0_67	1_62	27.703	296	185	6	128	422	302	569	1.44e-30	119
0_67	1_62	29.389	262	154	7	115	346	79	339	6.19e-26	105
0_67	1_258	31.660	259	154	6	87	335	202	447	2.50e-32	124
0_67	1_258	27.004	237	155	4	113	331	291	527	6.53e-27	108
0_67	1_258	27.586	261	157	6	113	354	348	595	2.65e-24	100
0_67	1_258	30.128	156	108	1	197	351	250	405	5.27e-21	90.1
0_67	1_20	25.316	237	137	5	130	338	332	556	6.17e-19	84.3
0_67	1_20	22.414	290	167	12	112	366	141	407	6.21e-09	52.8
0_67	1_20	22.634	243	140	8	128	330	415	649	6.07e-05	40.0
0_67	1_20	24.255	235	113	6	127	303	492	719	1.04e-04	39.3
0_67	1_268	25.000	176	77	5	126	246	2	177	5.51e-07	44.7
0_68	1_204	49.211	380	123	2	53	432	1	310	9.97e-122	352
0_68	1_127	36.152	343	204	6	26	364	48	379	4.26e-71	225
0_68	1_83	30.688	378	235	8	1	364	1	365	6.11e-48	164
0_68	1_311	35.965	228	123	5	153	363	4	225	4.57e-37	131
0_69	1_285	54.054	222	93	8	1	217	56	273	3.09e-78	231
0_69	1_102	54.955	222	91	8	1	217	188	405	8.49e-78	235
0_69	1_27	50.431	232	110	4	1	229	185	414	4.31e-76	232
0_69	1_404	40.506	237	129	6	1	229	189	421	1.12e-52	172
0_69	1_388	49.398	166	79	4	1	163	185	348	7.92e-50	162
0_69	1_218	38.696	230	128	4	2	228	153	372	1.45e-49	162
0_69	1_14	38.397	237	138	6	1	230	180	415	6.07e-49	162
0_69	1_360	31.429	140	92	2	1	136	194	333	3.04e-23	92.4
0_69	1_331	38.298	94	53	2	2	90	172	265	2.21e-13	62.8
0_69	1_248	34.694	98	59	3	63	155	2	99	1.40e-12	61.2
0_69	1_280	23.182	220	136	8	13	225	3	196	1.67e-12	59.3
0_69	1_306	30.851	94	58	2	1	89	190	281	2.75e-09	50.8
0_70	1_100	88.323	334	36	2	1	331	10	343	0.0	605
0_70	1_239	27.734	256	143	12	77	325	117	337	5.21e-17	75.5
0_71	1_201	92.247	632	48	1	1	631	1	632	0.0	1215
0_72	1_302	71.523	151	33	1	15	155	16	166	4.06e-73	214
0_72	1_291	34.444	90	49	3	68	151	378	463	7.25e-10	51.2
0_73	1_22	94.888	313	14	2	1	312	1	312	0.0	571
0_73	1_36	39.506	81	42	1	52	132	64	137	2.65e-13	62.8
0_73	1_34	42.391	92	47	2	53	141	44	132	2.46e-12	61.2
0_73	1_116	49.180	61	29	1	75	133	130	190	4.27e-11	56.6
0_74	1_376	98.456	259	4	0	1	259	1	259	0.0	538
0_75	1_425	91.322	1256	107	2	2	1255	35	1290	0.0	2360
0_75	1_200	43.478	161	84	3	982	1142	281	434	2.38e-37	141
0_75	1_200	30.841	107	61	5	791	897	176	269	1.24e-05	43.9
0_75	1_149	24.155	207	127	8	996	1186	571	763	2.48e-08	52.8
0_75	1_149	21.154	156	116	4	982	1137	207	355	1.47e-07	50.4
0_75	1_99	25.899	139	84	5	968	1099	122	248	3.98e-07	48.1
0_75	1_295	28.421	95	61	2	989	1079	135	226	1.12e-05	43.1
0_75	1_424	25.767	163	101	7	565	721	179	327	2.81e-05	42.7
0_75	1_424	25.253	198	132	8	255	451	181	363	3.09e-04	39.3
0_75	1_424	28.226	124	77	6	582	705	106	217	3.48e-04	39.3
0_76	1_217	70.877	285	78	3	1	284	1	281	3.45e-136	399
0_76	1_217	72.574	237	53	4	1	237	283	507	1.49e-114	344
0_76	1_23	29.713	488	315	9	32	501	25	502	2.40e-64	213
0_77	1_111	39.474	114	64	4	1	109	8	121	5.51e-19	72.4
0_78	1_276	97.256	583	13	3	65	645	64	645	0.0	1139
0_79	1_282	93.284	134	9	0	1	134	1	134	2.27e-90	253
0_80	1_51	95.402	261	8	2	1	258	1	260	0.0	511
0_80	1_179	44.776	67	37	0	70	136	12	78	1.30e-13	63.2
0_81	1_168	93.514	848	54	1	1	847	1	848	0.0	1583
0_82	1_323	96.715	487	15	1	1	487	1	486	0.0	975
0_83	1_147	73.061	245	45	2	36	280	1	224	3.19e-126	355
0_83	1_310	75.573	131	30	1	150	280	281	409	1.92e-68	216
0_83	1_310	69.318	88	24	2	1	88	1	85	9.38e-32	117
0_84	1_164	94.106	509	27	2	1	509	1	506	0.0	965
0_85	1_263	95.294	85	4	0	1	85	1	85	1.77e-56	164
0_86	1_101	94.851	369	19	0	1	369	1	369	0.0	708
0_87	1_97	88.268	179	21	0	1	179	6	184	2.68e-115	320
0_88	1_228	78.738	301	59	3	1	299	92	389	9.98e-180	496
0_89	1_252	96.550	4406	150	2	1	4404	1	4406	0.0	8856
0_90	1_348	95.872	436	17	1	1	436	1	435	0.0	879
0_91	1_351	95.235	1553	49	2	1	1528	1	1553	0.0	3055
0_92	1_18	93.126	451	31	0	1	451	1	451	0.0	892
0_92	1_64	24.658	365	213	13	112	428	135	485	3.98e-15	72.0
0_94	1_397	78.205	234	5	2	8	213	1	216	9.80e-127	366
0_95	1_94	97.357	454	12	0	1	454	1	454	0.0	904
0_95	1_375	86.564	454	61	0	1	454	1	454	0.0	779
0_96	1_212	91.346	104	9	0	31	134	1	104	8.04e-69	207
0_96	1_124	35.211	71	41	2	10	78	4	71	2.51e-09	48.1
0_96	1_283	52.632	38	17	1	41	77	47	84	8.59e-07	41.6
0_96	1_290	31.111	45	30	1	41	85	614	657	7.47e-04	33.1
0_97	1_244	99.206	126	1	0	1	126	1	126	1.85e-90	253
0_97	1_286	93.701	127	6	2	1	126	328	453	4.92e-80	238
0_98	1_111	41.463	123	68	3	1	121	1	121	4.73e-28	95.9
0_99	1_39	85.465	516	74	1	1	516	1	515	0.0	854
0_99	1_120	30.769	130	80	2	34	162	33	153	8.23e-10	53.1
0_100	1_242	89.806	412	13	1	89	471	1	412	0.0	731
0_100	1_288	31.519	441	262	6	62	464	135	573	1.85e-61	206
0_100	1_365	37.879	132	78	2	67	197	118	246	4.74e-18	79.0
0_100	1_253	23.024	291	199	7	84	350	176	465	2.18e-15	73.6
0_100	1_9	25.269	186	131	4	93	272	242	425	4.53e-15	72.4
0_100	1_233	25.269	186	131	4	93	272	112	295	7.12e-15	71.6
0_100	1_165	25.258	194	136	5	86	271	450	642	1.90e-11	61.2
0_100	1_315	21.721	244	152	6	77	320	531	735	2.32e-11	60.8
0_100	1_5	20.763	236	174	3	107	329	192	427	7.42e-10	55.8
0_100	1_74	24.868	189	132	5	90	271	160	345	1.15e-09	55.1
0_100	1_337	28.682	129	88	3	89	215	1263	1389	1.89e-09	55.1
0_100	1_188	24.500	200	120	7	97	292	275	447	1.87e-07	48.1
0_100	1_357	26.619	139	97	4	86	222	983	1118	1.22e-06	45.8
0_100	1_158	24.859	177	106	6	77	238	219	383	2.17e-05	41.6
0_100	1_197	26.437	87	60	2	165	248	289	374	4.12e-04	37.0
0_100	1_118	29.268	82	57	1	86	167	250	330	6.14e-04	37.0
0_101	1_293	78.590	383	71	4	23	403	12	385	0.0	602
0_102	1_17	96.057	279	11	0	1	279	1	279	0.0	559
0_103	1_382	89.524	420	44	0	1	420	381	800	0.0	802
0_104	1_151	93.916	263	16	0	7	269	46	308	0.0	513
0_104	1_123	31.868	91	54	2	21	103	14	104	4.15e-07	44.7
0_105	1_281	94.410	322	18	0	1	322	1	322	0.0	632
0_106	1_260	97.959	441	9	0	1	441	1	441	0.0	894
0_107	1_158	68.880	482	41	6	52	424	1	482	0.0	639
0_107	1_158	62.185	119	12	3	409	494	557	675	1.15e-33	129
0_107	1_90	67.666	467	57	10	50	424	73	537	0.0	599
0_107	1_90	62.500	120	12	3	408	494	640	759	2.38e-34	132
0_107	1_356	68.860	456	48	9	50	413	122	575	0.0	597
0_107	1_356	60.377	53	20	1	1	52	1	53	1.54e-12	64.3
0_107	1_387	63.524	403	64	9	1	322	1	401	4.75e-165	468
0_107	1_357	36.792	318	140	4	155	411	912	1229	4.96e-56	197
0_107	1_337	37.179	312	133	4	155	403	1190	1501	8.15e-54	190
0_107	1_165	29.193	322	167	8	81	344	283	601	1.21e-27	112
0_107	1_315	22.069	435	228	10	86	413	361	791	4.33e-24	101
0_107	1_9	23.729	413	219	11	88	406	67	477	8.68e-24	99.8
0_107	1_253	24.586	423	223	10	81	413	17	433	8.87e-24	99.8
0_107	1_233	25.000	328	182	8	141	406	22	347	4.21e-19	85.1
0_107	1_188	24.679	312	163	12	85	328	88	395	5.60e-13	65.5
0_107	1_74	24.400	250	136	9	165	370	123	363	7.61e-09	52.8
0_107	1_197	43.548	62	34	1	281	342	296	356	2.60e-08	50.4
0_107	1_118	21.782	202	104	6	94	243	99	298	1.41e-05	42.4
0_107	1_148	31.169	77	44	3	84	154	1192	1265	6.35e-05	40.0
0_108	1_92	94.485	1378	73	3	1	1376	1	1377	0.0	2623
0_109	1_76	26.282	156	96	4	33	169	40	195	4.68e-11	56.2
0_110	1_38	92.566	686	27	4	1	685	1	663	0.0	1176
0_111	1_376	97.778	225	5	0	1	225	35	259	5.48e-169	461
0_112	1_305	94.925	2857	145	0	1402	4258	853	3709	0.0	5626
0_112	1_305	76.169	877	135	5	195	1022	1	852	0.0	1270
0_112	1_308	88.343	3054	282	5	1	3005	348	3376	0.0	5494
0_112	1_245	33.922	3228	1977	53	1134	4255	695	3872	0.0	1781
0_112	1_222	30.304	3587	2295	64	806	4258	566	4081	0.0	1691
0_113	1_184	82.443	131	21	1	1	131	65	193	6.60e-77	221
0_115	1_270	90.930	430	31	5	1	425	1	427	0.0	620
0_116	1_350	61.345	476	181	2	159	631	56	531	0.0	634
0_116	1_350	66.000	50	17	0	776	825	535	584	1.48e-17	82.0
0_116	1_24	40.945	254	145	2	574	825	518	768	2.15e-55	202
0_116	1_155	29.940	334	208	7	510	825	425	750	7.60e-25	105
0_116	1_197	37.500	176	108	1	652	825	42	217	2.86e-24	100
0_117	1_216	98.165	763	14	0	1	763	1	763	0.0	1563
0_118	1_157	95.028	885	44	0	18	902	1	885	0.0	1736
0_119	1_136	94.946	930	46	1	1	929	21	950	0.0	1840
0_120	1_131	55.135	185	82	1	24	207	143	327	1.56e-66	214
0_120	1_32	51.955	179	73	1	27	205	324	489	2.36e-56	183
0_120	1_321	62.353	85	32	0	31	115	929	1013	9.75e-34	122
0_121	1_185	98.198	111	2	0	79	189	1	111	7.57e-79	233
0_121	1_292	35.928	167	99	6	26	188	32	194	9.31e-23	85.9
0_121	1_374	34.524	168	102	6	26	189	23	186	2.38e-21	84.7
0_121	1_352	30.464	151	98	5	42	189	45	191	9.57e-17	72.0
0_121	1_296	30.464	151	98	5	42	189	1659	1805	1.84e-16	71.6
0_121	1_77	24.277	173	116	6	20	189	20	180	8.96e-10	51.6
0_121	1_11	31.250	112	73	3	78	189	103	210	9.83e-09	48.9
0_121	1_106	31.250	112	73	3	78	189	111	218	9.90e-09	48.9
0_121	1_21	33.333	87	55	2	101	187	1471	1554	2.67e-08	47.8
0_121	1_364	29.464	112	75	3	78	189	156	263	4.57e-07	43.9
0_121	1_85	28.659	164	96	6	37	189	112	265	8.17e-07	42.7
0_121	1_84	29.878	164	94	6	37	189	270	423	3.22e-06	41.6
0_122	1_396	87.702	309	38	0	14	322	1	309	1.91e-154	431
0_123	1_110	92.188	192	9	1	1	186	256	447	3.90e-114	353
0_123	1_110	27.857	140	81	5	80	206	528	660	6.24e-07	44.3
0_123	1_110	27.174	92	53	5	2	81	157	246	2.48e-04	36.2
0_123	1_110	29.592	98	60	3	82	172	626	721	3.82e-04	35.8
0_123	1_110	27.857	140	81	6	48	169	1078	1215	5.46e-04	35.4
0_124	1_16	76.442	208	42	3	1	201	1	208	2.04e-109	307
0_125	1_364	94.831	445	22	1	23	466	33	477	0.0	882
0_125	1_106	96.065	432	16	1	36	466	1	432	0.0	868
0_125	1_11	93.519	432	19	2	36	466	1	424	0.0	838
0_125	1_180	45.433	427	215	6	41	463	3	415	6.13e-131	380
0_125	1_81	62.868	272	99	2	194	464	4	274	6.41e-127	365
0_125	1_10	57.551	245	101	3	222	463	1	245	2.37e-98	291
0_125	1_30	50.183	273	132	4	195	463	1	273	2.56e-97	289
0_125	1_84	38.422	393	216	9	81	462	251	628	1.95e-73	238
0_125	1_41	41.245	257	135	3	208	462	2	244	1.62e-62	199
0_125	1_85	44.037	218	120	2	75	291	87	303	9.79e-55	180
0_125	1_278	37.037	297	160	7	173	462	6	282	1.04e-50	169
0_125	1_126	33.333	267	131	6	199	462	4	226	2.40e-37	132
0_125	1_352	24.422	303	209	5	108	405	46	333	1.25e-22	93.6
0_125	1_374	28.302	265	169	8	135	396	67	313	1.82e-20	87.4
0_125	1_296	28.729	181	127	2	108	287	1660	1839	1.35e-16	77.4
0_125	1_185	25.306	245	166	6	149	387	3	236	8.49e-16	72.8
0_125	1_77	23.588	301	203	7	86	386	25	298	5.13e-15	70.9
0_125	1_292	36.250	80	50	1	170	248	111	190	6.02e-09	50.8
0_125	1_21	21.739	207	112	5	167	370	1471	1630	4.70e-06	43.9
0_126	1_251	91.646	407	30	1	629	1031	641	1047	0.0	758
0_127	1_379	87.079	178	23	0	7	184	1	178	1.22e-115	321
0_128	1_283	99.102	334	3	0	1	334	1	334	0.0	688
0_128	1_212	55.263	38	16	1	47	84	11	47	1.19e-06	44.3
0_129	1_287	99.456	551	3	0	1	551	1	551	0.0	1115
0_129	1_170	92.532	549	41	0	1	549	1	549	0.0	1048
0_130	1_373	92.708	192	13	1	1	191	61	252	2.61e-130	361
0_131	1_91	96.463	311	11	0	1	311	1	311	0.0	634
0_131	1_300	37.979	287	149	11	27	301	945	1214	4.10e-46	161
0_131	1_70	36.626	243	138	8	65	296	183	420	2.93e-41	143
0_131	1_369	30.870	230	128	10	87	296	202	420	2.44e-19	82.8
0_132	1_360	87.975	316	30	3	1	312	230	541	0.0	560
0_132	1_280	29.787	188	120	4	1	186	24	201	2.97e-24	93.6
0_132	1_218	27.155	232	141	7	4	220	188	406	8.46e-23	93.2
0_132	1_285	29.078	141	83	5	1	138	89	215	6.13e-12	60.1
0_132	1_102	29.078	141	83	5	1	138	221	347	1.53e-11	59.7
0_132	1_27	24.883	213	112	9	1	183	218	412	2.22e-11	59.3
0_132	1_388	26.846	149	86	6	1	143	218	349	7.65e-11	57.4
0_132	1_14	24.845	161	104	3	1	156	213	361	6.19e-10	54.7
0_132	1_404	23.622	127	92	2	1	122	222	348	3.68e-08	49.3
0_132	1_7	31.818	110	61	5	41	141	4	108	5.32e-06	40.0
0_132	1_248	23.478	115	76	2	29	143	1	103	6.40e-06	42.4
0_132	1_306	36.538	52	31	1	1	52	228	277	1.00e-05	41.2
0_133	1_409	60.584	137	51	3	17	152	58	192	1.31e-49	155
0_133	1_202	60.870	138	49	3	17	152	58	192	8.77e-49	154
0_134	1_69	67.347	147	48	0	1	147	1	147	1.31e-66	194
0_135	1_245	95.657	852	37	0	80	931	755	1606	0.0	1707
0_135	1_222	41.743	872	471	6	84	932	957	1814	0.0	686
0_135	1_308	38.869	849	502	6	88	929	1573	2411	0.0	615
0_135	1_305	41.577	647	363	4	289	929	854	1491	1.13e-163	527
0_136	1_423	75.658	152	37	0	1	152	1	152	9.07e-74	213
0_137	1_203	99.103	223	2	0	1	223	22	244	3.55e-165	450
0_138	1_205	93.460	474	30	1	1	474	1	473	0.0	915
0_139	1_34	95.950	321	7	2	1	318	1	318	0.0	617
0_139	1_22	33.898	118	74	2	61	178	73	186	2.14e-12	61.6
0_139	1_36	36.782	87	52	1	42	128	59	142	5.04e-12	58.9
0_139	1_116	46.296	54	22	2	66	116	133	182	1.41e-07	46.2
0_140	1_194	96.667	690	14	2	1	681	1	690	0.0	1349
0_140	1_371	33.729	421	244	6	165	584	8	394	2.68e-65	216
0_140	1_243	28.716	296	131	6	305	592	12	235	2.09e-30	122
0_141	1_414	96.154	234	9	0	1	234	1	234	1.96e-172	472
0_142	1_111	46.565	131	65	5	1	129	1	128	2.67e-29	99.4
0_143	1_330	96.997	666	8	2	1	657	1	663	0.0	1322
0_143	1_152	51.208	207	75	3	171	374	84	267	3.15e-64	214
0_144	1_234	91.200	375	26	1	44	411	1	375	0.0	709
0_145	1_79	95.238	210	10	0	1	210	1	210	2.10e-145	399
0_146	1_279	94.409	930	33	2	1	911	1	930	0.0	1815
0_146	1_75	23.164	177	112	5	381	545	116	280	3.27e-04	38.5
0_146	1_416	31.034	58	38	1	356	411	230	287	7.19e-04	37.7
0_147	1_208	94.245	556	28	2	1	556	1	552	0.0	964
0_148	1_272	95.571	858	32	2	1	852	1	858	0.0	1652
0_148	1_62	32.011	353	219	7	310	649	146	490	5.40e-53	191
0_148	1_62	29.683	347	205	6	275	615	171	484	9.44e-47	172
0_148	1_62	31.660	259	171	5	285	541	242	496	1.65e-37	144
0_148	1_62	30.745	322	176	11	370	648	87	404	2.79e-36	140
0_148	1_62	30.114	176	117	5	278	453	323	492	2.53e-18	84.3
0_148	1_258	29.712	313	208	4	347	649	251	561	5.06e-45	167
0_148	1_258	28.022	364	241	9	246	596	209	564	8.29e-39	149
0_148	1_258	34.634	205	127	5	460	661	250	450	8.38e-32	127
0_148	1_63	36.889	225	124	5	377	600	135	342	4.42e-34	130
0_148	1_63	32.906	234	141	3	395	628	125	342	2.43e-31	122
0_148	1_63	32.174	230	140	4	341	556	128	355	7.51e-27	109
0_148	1_63	34.091	176	99	4	488	648	133	306	2.07e-21	92.8
0_148	1_63	28.502	207	107	5	316	482	133	338	6.33e-21	91.3
0_148	1_63	30.058	173	104	3	499	657	116	285	4.17e-18	82.4
0_148	1_63	32.143	112	73	2	314	425	230	338	5.18e-17	79.0
0_148	1_63	29.286	140	95	3	320	459	208	343	1.77e-11	61.6
0_148	1_63	26.271	118	81	4	267	384	242	353	4.99e-07	47.4
0_148	1_20	23.358	411	225	14	291	624	152	549	5.64e-24	102
0_148	1_20	23.235	439	243	15	318	673	332	759	3.27e-21	94.0
0_148	1_20	27.187	320	195	11	344	636	146	454	3.04e-17	81.3
0_148	1_20	25.177	282	175	8	284	535	271	546	2.90e-15	74.7
0_148	1_20	30.159	126	72	6	314	425	596	719	1.23e-05	43.5
0_148	1_268	24.540	163	103	5	432	579	4	161	2.30e-07	47.0
0_148	1_268	20.000	190	111	5	376	539	5	179	1.27e-04	38.5
0_148	1_268	26.891	119	64	5	521	628	10	116	4.50e-04	37.0
0_148	1_235	24.034	233	129	8	317	506	683	910	4.52e-07	48.1
0_149	1_369	85.175	371	51	3	1	368	57	426	0.0	651
0_149	1_70	30.804	224	144	5	145	366	210	424	1.05e-35	130
0_149	1_300	31.081	222	139	7	148	366	1003	1213	4.98e-26	104
0_149	1_91	31.441	229	128	9	144	362	87	296	1.43e-22	91.7
0_150	1_129	89.474	114	12	0	1	114	1	114	6.52e-74	212
0_150	1_372	86.667	90	12	0	25	114	42	131	1.87e-51	160
0_150	1_266	30.337	89	54	4	3	84	2	89	8.09e-04	32.3
0_151	1_191	78.767	146	31	0	1	146	327	472	1.17e-81	243
0_151	1_57	25.874	143	98	4	4	141	326	465	2.42e-08	46.6
0_152	1_60	97.917	336	6	1	1	335	1	336	0.0	677
0_153	1_333	99.565	230	1	0	1	230	1	230	5.18e-173	470
0_154	1_311	85.098	255	38	0	159	413	1	255	3.22e-166	462
0_154	1_127	34.770	348	199	8	69	414	84	405	2.34e-62	201
0_154	1_204	34.713	314	174	5	85	397	25	308	3.20e-50	167
0_154	1_83	30.903	288	169	5	121	399	114	380	9.51e-36	130
0_155	1_227	91.209	455	40	0	1	455	512	966	0.0	871
0_156	1_150	91.692	325	4	1	1	302	1	325	0.0	608
0_157	1_114	96.035	5675	83	9	41	5715	32	5564	0.0	11093
0_158	1_291	97.996	449	9	0	15	463	114	562	0.0	894
0_158	1_302	41.007	139	72	3	279	413	79	211	3.29e-26	100
0_158	1_21	34.426	61	37	2	4	63	2	60	9.07e-06	42.7
0_159	1_14	91.870	123	10	0	8	130	258	380	1.84e-82	246
0_159	1_404	40.268	149	87	1	13	161	272	418	7.10e-35	122
0_159	1_27	42.017	119	62	3	12	126	261	376	8.98e-24	91.7
0_159	1_285	35.965	114	70	2	13	124	133	245	1.34e-22	86.7
0_159	1_102	35.652	115	71	2	14	126	266	379	8.26e-22	85.9
0_159	1_218	32.877	146	82	5	14	155	231	364	5.92e-19	77.8
0_159	1_388	37.963	108	60	3	12	115	261	365	7.68e-16	68.9
0_159	1_360	25.439	114	73	2	9	110	271	384	5.53e-06	40.4
0_159	1_248	29.114	79	51	2	16	89	21	99	2.96e-05	38.5
0_160	1_289	89.710	379	37	1	1	379	6	382	0.0	700
0_161	1_86	88.435	147	16	1	13	159	14	159	3.52e-91	273
0_162	1_405	96.078	102	4	0	1	102	1	102	3.73e-67	204
0_163	1_225	98.276	174	3	0	1	174	1	174	4.49e-127	349
0_164	1_377	99.543	438	2	0	1	438	1	438	0.0	909
0_164	1_43	99.087	438	4	0	1	438	1	438	0.0	904
0_164	1_31	84.191	272	30	2	159	430	1	259	2.63e-168	468
0_165	1_269	97.393	537	14	0	1	537	1	537	0.0	1063
0_166	1_246	79.468	263	43	5	17	279	19	270	3.41e-145	404
0_167	1_89	81.646	158	29	0	1	158	1	158	9.50e-97	271
0_168	1_20	75.172	1015	193	17	19	996	4	996	0.0	1439
0_168	1_20	67.742	124	35	3	974	1096	890	1009	1.49e-36	144
0_168	1_272	24.740	384	246	13	211	588	319	665	3.02e-24	104
0_168	1_272	23.784	370	227	17	370	718	295	630	9.82e-12	63.5
0_168	1_62	25.783	415	243	13	172	555	85	465	4.94e-23	99.8
0_168	1_62	26.554	354	212	15	371	718	154	465	7.10e-19	86.7
0_168	1_62	26.838	272	172	10	184	448	244	495	1.39e-17	82.4
0_168	1_62	25.634	355	191	16	370	718	93	380	9.20e-12	63.5
0_168	1_62	23.333	360	222	12	535	880	94	413	4.43e-05	42.0
0_168	1_63	24.904	261	154	6	342	588	135	367	4.90e-15	73.6
0_168	1_63	29.012	162	90	3	310	447	178	338	5.63e-12	63.5
0_168	1_63	24.615	260	155	9	501	742	135	371	9.76e-07	47.0
0_168	1_63	23.963	217	105	6	528	718	128	310	1.15e-05	43.5
0_168	1_63	25.957	235	132	11	425	648	133	336	4.22e-05	41.6
0_168	1_258	24.242	363	211	14	183	507	251	587	2.95e-13	68.6
0_168	1_258	23.390	295	194	6	279	555	247	527	8.75e-13	67.0
0_168	1_258	23.822	382	217	13	342	718	252	564	3.47e-12	65.1
0_169	1_358	82.178	303	54	0	24	326	33	335	0.0	535
0_170	1_37	96.817	1351	43	0	1	1351	79	1429	0.0	2694
0_170	1_207	31.120	241	145	7	214	447	713	939	2.15e-24	105
0_171	1_90	90.875	800	48	3	50	843	2	782	0.0	1485
0_171	1_158	91.197	727	35	1	117	843	1	698	0.0	1375
0_171	1_356	84.512	594	66	4	1	587	1	575	0.0	1017
0_171	1_387	88.221	399	25	2	76	471	22	401	0.0	723
0_171	1_357	42.747	517	284	3	247	753	885	1399	6.89e-128	412
0_171	1_357	27.907	129	77	5	31	158	782	895	2.97e-04	38.9
0_171	1_337	43.980	407	214	3	205	599	1123	1527	6.95e-99	333
0_171	1_9	28.469	699	423	17	186	835	66	736	9.21e-68	234
0_171	1_253	27.383	745	451	22	173	842	10	739	4.93e-66	229
0_171	1_233	29.787	611	367	15	259	835	24	606	1.59e-61	214
0_171	1_165	27.624	724	416	19	166	796	269	977	1.22e-55	202
0_171	1_315	26.512	562	358	14	185	696	361	917	6.97e-49	182
0_171	1_74	25.378	595	358	18	284	840	123	669	2.31e-33	132
0_171	1_188	25.106	470	284	13	187	618	91	530	3.51e-27	111
0_171	1_197	44.304	79	43	1	430	508	296	373	3.81e-15	72.8
0_171	1_118	29.108	213	125	7	193	392	99	298	1.08e-14	72.8
0_171	1_56	37.755	98	57	2	742	839	124	217	1.21e-13	65.9
0_171	1_156	40.659	91	43	3	742	832	405	484	2.38e-12	64.7
0_171	1_156	27.211	147	80	6	187	310	111	253	1.07e-07	49.7
0_171	1_68	32.692	104	68	2	710	813	188	289	1.90e-09	54.3
0_171	1_148	32.258	93	54	3	173	259	1182	1271	9.87e-08	50.4
0_171	1_242	23.158	190	125	6	347	522	1	183	1.07e-04	40.0
0_172	1_359	82.547	212	37	0	18	229	32	243	1.28e-134	373
0_173	1_108	92.173	741	57	1	1	741	1	740	0.0	1380
0_174	1_303	89.157	166	18	0	17	182	1	166	5.14e-108	301
0_175	1_268	89.172	157	17	0	25	181	37	193	9.87e-103	289
0_175	1_268	60.000	30	12	0	116	145	6	35	3.14e-06	40.4
0_175	1_62	32.500	120	68	3	46	162	183	292	6.11e-10	52.4
0_175	1_62	30.000	130	76	3	35	164	349	463	1.17e-08	48.5
0_175	1_62	40.741	54	31	1	44	97	443	495	2.98e-06	41.6
0_175	1_62	27.200	125	75	5	44	168	302	410	7.55e-06	40.0
0_175	1_258	24.324	185	86	7	36	167	260	443	2.87e-06	41.6
0_175	1_258	26.829	123	68	3	46	164	393	497	2.63e-04	35.4
0_175	1_272	25.620	121	70	5	46	149	468	585	8.84e-05	37.0
0_176	1_119	96.962	395	12	0	1	395	1	395	0.0	800
0_177	1_166	56.566	198	83	2	1	198	1	195	4.06e-79	231
0_178	1_380	97.742	310	7	0	1	310	1	310	0.0	627
0_179	1_15	88.768	276	29	1	89	364	1	274	2.67e-172	476
0_179	1_24	68.155	336	53	5	10	343	267	550	4.88e-134	404
0_179	1_296	30.060	336	206	8	14	337	275	593	1.40e-32	124
0_179	1_148	31.500	200	127	3	14	210	9	201	1.85e-22	94.0
0_179	1_189	50.000	52	26	0	310	361	4	55	6.35e-11	57.4
0_179	1_337	26.606	218	119	8	2	188	1364	1571	1.68e-05	41.6
0_179	1_253	23.301	103	74	2	15	112	301	403	8.82e-04	35.8
0_180	1_400	44.131	213	112	5	1049	1258	481	689	1.26e-47	177
0_180	1_400	57.843	102	41	1	3	104	9	108	2.63e-36	142
0_180	1_162	35.354	297	174	6	960	1253	229	510	2.45e-45	167
0_180	1_162	33.981	309	165	6	8	304	5	286	4.36e-40	151
0_180	1_162	29.032	186	103	6	920	1089	82	254	5.76e-05	41.6
0_181	1_209	61.329	331	116	4	1	330	1	320	8.90e-138	389
0_182	1_36	97.500	200	5	0	1	200	1	200	8.22e-144	394
0_182	1_116	50.704	71	33	1	73	141	123	193	1.57e-14	64.7
0_182	1_22	49.180	61	31	0	77	137	72	132	5.66e-14	63.9
0_182	1_34	40.741	81	43	2	65	142	50	128	6.51e-12	58.2
0_183	1_154	74.752	202	50	1	1	202	1	201	1.38e-109	307
0_184	1_390	94.502	1346	73	1	1	1345	1	1346	0.0	2559
0_185	1_153	96.766	402	13	0	1	402	1	402	0.0	814
0_186	1_316	91.382	557	47	1	1	556	1	557	0.0	1045
0_186	1_191	22.481	387	219	17	211	543	107	466	2.52e-05	41.2
0_186	1_57	23.991	446	231	24	166	556	83	475	5.70e-04	37.0
0_187	1_69	67.347	147	48	0	18	164	1	147	4.40e-66	194
0_188	1_190	93.478	230	15	0	1	230	411	640	3.13e-160	453
0_188	1_96	91.949	236	13	2	1	230	411	646	8.45e-159	449
0_189	1_360	27.344	128	82	4	36	157	115	237	5.37e-08	45.8
0_190	1_206	87.534	369	44	2	1	367	3	371	0.0	661
0_191	1_41	67.717	254	10	3	59	240	1	254	1.31e-112	318
0_191	1_106	34.286	315	120	6	4	232	117	430	1.70e-52	171
0_191	1_11	34.603	315	119	7	4	232	109	422	2.29e-52	170
0_191	1_364	33.968	315	121	6	4	232	162	475	1.88e-51	169
0_191	1_180	38.739	222	94	2	4	183	100	321	2.09e-43	146
0_191	1_84	32.899	307	126	6	5	231	323	629	1.61e-42	147
0_191	1_81	43.716	183	60	3	45	185	4	185	5.25e-38	129
0_191	1_85	47.581	124	65	0	5	128	165	288	1.31e-36	126
0_191	1_278	34.783	207	92	2	22	185	3	209	2.62e-35	122
0_191	1_30	39.326	178	66	2	48	183	2	179	3.86e-33	116
0_191	1_126	32.301	226	110	5	49	231	2	227	1.08e-30	108
0_191	1_10	30.738	244	82	4	74	230	1	244	1.37e-27	101
0_191	1_21	33.140	172	102	6	19	186	1471	1633	2.34e-13	63.9
0_191	1_374	25.131	191	117	3	21	185	101	291	1.46e-11	58.2
0_191	1_352	26.357	129	94	1	1	128	86	214	1.07e-08	49.7
0_191	1_296	26.984	126	91	1	4	128	1703	1828	3.37e-08	48.5
0_191	1_292	35.802	81	51	1	21	100	110	190	1.40e-07	45.4
0_191	1_77	22.897	214	131	3	1	188	84	289	1.46e-07	46.2
0_191	1_185	20.745	188	117	3	19	174	23	210	5.67e-07	44.3
0_192	1_80	53.600	250	99	6	1	245	1	238	2.15e-88	260
0_192	1_273	51.333	150	60	4	51	196	10	150	2.15e-43	140
0_192	1_324	35.135	185	116	3	52	235	1	182	3.80e-28	103
0_192	1_181	28.659	164	104	6	10	167	12	168	6.67e-11	57.0
0_192	1_148	23.364	214	131	6	52	236	263	472	9.59e-08	47.8
0_193	1_383	83.333	138	23	0	1	138	1	138	3.97e-87	246
0_194	1_121	86.655	577	62	2	56	632	59	620	0.0	990
0_194	1_57	34.783	46	30	0	206	251	54	99	5.18e-04	37.4
0_195	1_298	77.551	98	20	1	1	98	1	96	3.20e-47	148
0_196	1_385	96.195	1314	50	0	68	1381	23	1336	0.0	2643
0_196	1_0	24.632	272	158	6	288	521	23	285	1.41e-16	78.2
0_196	1_0	34.043	94	48	5	591	680	284	367	2.02e-05	43.1
0_197	1_111	55.556	144	60	3	1	142	1	142	5.46e-49	149
0_198	1_132	98.253	229	4	0	1	229	1	229	1.37e-167	456
0_199	1_64	88.189	508	60	0	392	899	4	511	0.0	941
0_199	1_64	72.973	370	100	0	5	374	7	376	0.0	582
0_199	1_18	27.363	201	108	7	675	866	249	420	6.27e-13	66.6
0_200	1_160	93.750	688	42	1	1	687	1	688	0.0	1369
0_201	1_171	93.810	517	32	0	1	517	1	517	0.0	1020
0_202	1_300	92.471	1222	79	9	1	1215	1	1216	0.0	2016
0_202	1_70	45.312	256	133	5	958	1211	173	423	1.10e-64	221
0_202	1_91	37.643	263	146	9	957	1213	51	301	1.26e-42	153
0_202	1_369	32.432	222	136	9	1002	1212	206	424	8.19e-23	97.4
0_203	1_183	88.350	103	12	0	1	103	191	293	4.30e-64	191
0_204	1_352	74.648	355	87	2	3	356	5	357	0.0	564
0_204	1_296	74.359	234	60	0	3	236	1619	1852	1.64e-121	380
0_204	1_77	44.551	312	159	3	20	331	20	317	5.58e-89	266
0_204	1_374	43.333	300	163	5	15	310	9	305	1.45e-78	240
0_204	1_292	42.697	178	97	3	15	188	18	194	5.63e-40	135
0_204	1_185	32.472	271	168	8	82	338	1	270	1.01e-33	122
0_204	1_11	27.113	284	190	6	42	309	63	345	1.71e-25	101
0_204	1_106	27.113	284	190	6	42	309	71	353	6.92e-25	99.8
0_204	1_84	28.704	324	191	10	40	330	274	590	8.64e-25	100
0_204	1_364	26.408	284	192	6	42	309	116	398	2.71e-23	95.5
0_204	1_180	26.408	284	189	7	44	309	56	337	2.93e-22	92.0
0_204	1_85	33.333	192	119	5	40	224	116	305	2.14e-17	76.6
0_204	1_21	31.522	184	91	5	104	285	1473	1623	4.71e-16	74.3
0_204	1_81	25.128	195	130	3	130	309	5	198	1.39e-15	70.9
0_204	1_126	28.910	211	117	6	130	330	1	188	1.87e-13	63.9
0_204	1_41	25.281	178	117	3	150	312	9	185	1.96e-13	64.3
0_204	1_30	24.873	197	129	6	130	309	1	195	2.59e-13	64.3
0_204	1_10	23.952	167	111	4	157	308	1	166	1.00e-10	56.2
0_205	1_341	92.806	556	40	0	1	556	1	556	0.0	1010
0_206	1_44	86.074	833	112	2	1	832	1	830	0.0	1471
0_207	1_4	95.470	287	13	0	1	287	1	287	0.0	537
0_207	1_4	59.615	104	42	0	366	469	233	336	4.00e-33	123
0_208	1_200	99.312	436	3	0	1	436	1	436	0.0	906
0_208	1_425	43.478	161	84	3	281	434	1017	1177	2.35e-38	143
0_208	1_425	29.907	107	62	5	176	269	826	932	8.10e-06	42.7
0_208	1_149	25.283	265	179	7	127	382	410	664	9.18e-17	77.4
0_208	1_149	22.932	266	186	8	169	421	88	347	4.74e-15	72.0
0_208	1_99	29.091	220	132	10	187	392	36	245	5.78e-16	73.6
0_208	1_332	21.127	213	139	5	187	371	138	349	2.90e-05	40.8
0_208	1_295	24.138	203	133	8	188	372	27	226	4.08e-05	39.7
0_209	1_139	97.959	196	4	0	1	196	1	196	3.41e-145	397
0_210	1_422	98.195	554	9	1	48	601	49	601	0.0	745
0_210	1_33	48.000	50	26	0	245	294	293	342	1.30e-11	61.2
0_211	1_190	91.617	167	14	0	11	177	474	640	6.46e-109	319
0_211	1_96	89.595	173	12	2	11	177	474	646	1.43e-107	316
0_212	1_130	99.115	339	3	0	1	339	1	339	0.0	690
0_213	1_332	99.454	366	2	0	228	593	108	473	0.0	771
0_213	1_99	25.305	328	194	8	255	572	33	319	4.91e-27	107
0_213	1_149	24.731	279	172	9	239	504	81	334	2.85e-16	77.0
0_213	1_149	25.882	340	173	15	252	579	459	731	4.37e-13	66.6
0_213	1_295	25.200	250	151	8	252	489	20	245	1.27e-13	66.2
0_213	1_275	27.647	170	107	5	417	577	12	174	3.04e-09	52.0
0_213	1_200	21.759	216	134	7	258	469	187	371	2.78e-05	41.2
0_214	1_74	90.357	560	33	1	45	604	119	657	0.0	1038
0_214	1_253	26.617	665	394	15	11	604	84	725	8.51e-61	210
0_214	1_233	28.451	594	382	15	23	598	23	591	2.49e-55	193
0_214	1_9	28.331	593	384	15	23	598	153	721	9.38e-55	193
0_214	1_165	27.429	638	365	16	15	570	352	973	1.65e-49	180
0_214	1_156	34.982	283	133	2	327	598	236	478	7.01e-48	169
0_214	1_156	50.000	60	29	1	7	66	178	236	5.12e-11	59.7
0_214	1_189	38.158	228	137	1	302	529	49	272	1.56e-45	158
0_214	1_56	39.594	197	107	1	414	598	2	198	8.45e-45	154
0_214	1_158	25.753	598	374	20	17	598	132	675	2.29e-36	139
0_214	1_90	24.032	620	367	19	17	598	206	759	7.14e-35	135
0_214	1_188	27.273	418	256	12	10	406	162	552	1.42e-33	130
0_214	1_315	24.283	523	331	15	17	496	431	931	1.13e-27	113
0_214	1_337	27.250	400	250	13	3	368	1136	1528	9.31e-24	101
0_214	1_357	27.410	332	226	8	39	359	912	1239	3.36e-22	96.3
0_214	1_356	25.237	317	191	10	17	320	255	538	7.95e-19	84.7
0_214	1_387	26.201	229	132	8	17	232	197	401	4.31e-13	65.9
0_214	1_197	34.177	79	48	1	181	259	289	363	4.22e-10	56.6
0_214	1_242	23.810	189	134	5	107	292	2	183	5.16e-10	56.2
0_214	1_68	43.243	37	21	0	555	591	253	289	1.92e-05	41.6
0_215	1_167	88.397	474	49	4	1	472	1	470	0.0	622
0_216	1_412	76.389	288	67	1	1	287	1	288	1.12e-159	441
0_217	1_254	97.527	283	7	0	1	283	24	306	0.0	578
0_218	1_294	96.748	246	8	0	19	264	2	247	3.08e-180	490
0_219	1_141	95.041	121	4	1	1	119	178	298	5.24e-83	242
0_219	1_109	93.333	120	6	1	1	118	178	297	1.05e-79	234
0_219	1_248	31.193	109	69	5	5	110	841	946	2.95e-05	38.1
0_220	1_71	97.087	309	9	0	1	309	27	335	0.0	612
0_221	1_134	98.271	1041	17	1	4	1043	7	1047	0.0	2105
0_222	1_117	92.623	122	9	0	22	143	108	229	1.30e-67	199
0_223	1_345	94.301	544	31	0	1	544	1	544	0.0	1035
0_224	1_65	92.751	469	34	0	1	469	1	469	0.0	899
0_225	1_312	98.250	4913	84	2	1	4912	1	4912	0.0	10044
0_226	1_207	97.556	941	21	2	1	940	1	940	0.0	1886
0_226	1_37	31.120	241	145	7	713	939	292	525	1.09e-24	105
0_227	1_386	99.569	232	1	0	1	232	1	232	1.49e-176	479
0_228	1_395	96.684	392	13	0	1	392	1	392	0.0	791
0_229	1_40	92.422	607	42	3	1	605	1	605	0.0	1012
0_230	1_392	97.250	509	14	0	1	509	1	509	0.0	1009
0_231	1_190	86.705	173	19	1	83	255	472	640	6.43e-105	312
0_231	1_190	100.000	83	0	0	1	83	1	83	3.94e-54	179
0_231	1_96	84.916	179	17	3	83	255	472	646	1.86e-103	309
0_231	1_96	98.795	83	1	0	1	83	1	83	6.00e-53	176
0_232	1_327	96.273	161	6	0	1	161	1	161	3.47e-105	293
0_233	1_264	66.031	262	71	1	1	262	4	247	5.95e-124	354
0_234	1_107	92.188	192	15	0	4	195	13	204	2.32e-132	365
0_235	1_48	96.324	680	25	0	1	680	1	680	0.0	1367
0_236	1_253	96.482	398	10	2	3	397	340	736	0.0	780
0_236	1_165	40.483	373	200	6	3	356	608	977	3.39e-78	257
0_236	1_233	25.067	371	225	10	24	389	280	602	9.92e-20	86.3
0_236	1_9	25.067	371	225	10	24	389	410	732	1.07e-19	86.3
0_236	1_315	28.522	291	178	11	25	291	709	993	3.87e-19	85.1
0_236	1_90	24.390	369	225	11	27	389	450	770	3.94e-18	81.6
0_236	1_74	21.739	391	224	10	21	388	328	659	5.53e-16	74.7
0_236	1_56	24.545	220	110	7	185	393	39	213	2.20e-11	58.2
0_236	1_156	23.415	205	102	5	185	380	320	478	2.53e-11	59.7
0_236	1_158	37.333	75	45	1	317	389	612	686	1.27e-09	54.7
0_236	1_158	25.000	180	125	6	27	203	395	567	9.40e-08	48.9
0_236	1_358	64.103	39	13	1	396	434	308	345	3.49e-08	49.7
0_236	1_68	45.455	44	24	0	325	368	241	284	6.90e-06	42.4
0_236	1_188	26.852	108	79	0	26	133	424	531	2.59e-05	40.8
0_236	1_337	27.485	171	103	6	27	183	1439	1602	8.22e-05	39.7
0_236	1_5	38.000	50	31	0	325	374	607	656	5.43e-04	36.6
0_236	1_357	28.736	87	60	1	27	111	1159	1245	5.58e-04	37.0
0_237	1_314	96.642	1638	54	1	94	1731	95	1731	0.0	3252
0_238	1_226	93.156	263	18	0	1	263	1	263	0.0	509
0_238	1_137	45.802	262	141	1	8	268	10	271	4.32e-85	252
0_239	1_213	95.294	510	24	0	1	510	1	510	0.0	1018
0_239	1_277	40.094	424	245	3	83	506	30	444	2.70e-108	326
0_240	1_407	96.937	457	14	0	1	457	117	573	0.0	936
0_241	1_105	94.427	2207	87	3	1	2171	1	2207	0.0	3901
0_242	1_19	73.333	840	185	10	1	830	451	1261	0.0	1171
0_242	1_178	67.810	758	155	6	33	776	49	731	0.0	965
0_243	1_295	83.577	274	45	0	1	274	1	274	5.85e-176	484
0_243	1_275	80.208	192	38	0	159	350	1	192	4.11e-119	337
0_243	1_332	26.377	345	203	15	20	332	132	457	5.51e-19	82.4
0_243	1_99	28.302	318	195	12	15	322	25	319	9.80e-18	78.2
0_243	1_149	24.046	262	162	7	6	245	428	674	3.71e-12	62.0
0_243	1_149	26.016	123	79	4	135	253	214	328	1.51e-07	47.8
0_243	1_200	24.257	202	134	6	27	226	188	372	7.46e-06	42.0
0_243	1_425	28.421	95	61	2	135	226	1024	1114	7.65e-05	39.3
0_244	1_411	90.881	647	48	2	1	647	1	636	0.0	1166
0_245	1_193	82.975	511	87	0	1	511	1	511	0.0	864
0_246	1_284	94.545	55	3	0	1	55	1	55	8.59e-34	105
0_247	1_280	75.758	198	47	1	1	198	1	197	1.22e-114	327
0_247	1_360	30.932	236	141	7	4	223	210	439	1.03e-29	115
0_247	1_218	26.068	234	152	7	4	221	165	393	9.95e-22	90.9
0_247	1_285	24.645	211	130	5	4	190	69	274	5.01e-17	75.1
0_247	1_102	24.645	211	130	5	4	190	201	406	1.90e-16	74.7
0_247	1_27	21.818	220	143	4	4	199	198	412	1.75e-14	68.9
0_247	1_388	24.409	127	92	2	4	130	198	320	4.61e-11	58.2
0_247	1_404	20.444	225	145	6	3	199	201	419	1.17e-09	54.3
0_247	1_14	19.573	281	198	7	4	258	193	471	1.79e-08	50.4
0_248	1_115	88.858	709	70	3	1	700	1	709	0.0	1254
0_249	1_221	92.453	265	19	1	1	265	1	264	0.0	494
0_249	1_55	86.742	264	33	2	1	264	1	262	4.74e-166	455
0_250	1_218	92.727	110	8	0	1	110	1	110	8.69e-70	210
0_250	1_306	39.241	79	43	4	1	77	1	76	2.94e-08	45.1
0_250	1_14	28.125	96	52	3	1	88	1	87	8.00e-07	40.8
0_250	1_102	28.736	87	55	4	1	85	5	86	6.27e-05	35.4
0_251	1_340	68.354	158	42	3	1	157	1	151	7.25e-54	177
0_252	1_299	82.347	1014	119	3	1	954	34	1047	0.0	1669
0_253	1_324	46.774	186	80	5	61	231	1	182	2.14e-44	145
0_253	1_80	32.456	228	136	7	13	226	3	226	1.21e-29	107
0_253	1_273	35.000	80	46	3	61	138	11	86	4.31e-08	45.8
0_253	1_181	25.385	130	89	4	20	142	12	140	5.33e-06	41.2
0_253	1_148	21.491	228	125	8	48	226	244	466	6.08e-05	38.5
0_254	1_135	98.350	606	2	1	1	598	1	606	0.0	1233
0_255	1_229	94.853	272	14	0	1	272	1	272	0.0	510
0_255	1_68	55.085	236	35	4	1	236	1	165	1.86e-74	224
0_256	1_290	100.000	263	0	0	1	263	1	263	0.0	556
0_256	1_338	24.645	211	146	4	72	271	34	242	2.15e-14	66.2
0_257	1_72	87.702	496	58	1	1	496	1	493	0.0	858
0_258	1_210	93.559	885	47	6	53	937	1	875	0.0	1686
0_259	1_77	96.951	164	5	0	94	257	160	323	9.58e-116	331
0_259	1_77	98.947	95	1	0	1	95	1	95	1.43e-60	190
0_259	1_352	49.123	171	82	3	89	255	166	335	9.86e-51	165
0_259	1_352	43.678	87	46	1	9	95	14	97	2.03e-16	72.8
0_259	1_374	46.000	150	72	2	89	234	161	305	1.78e-37	130
0_259	1_296	45.679	81	40	2	89	165	1780	1860	3.09e-17	75.9
0_259	1_296	43.678	87	46	1	9	95	1628	1711	1.42e-16	73.9
0_259	1_185	34.395	157	90	5	98	247	95	245	9.15e-15	67.4
0_259	1_84	29.121	182	95	7	100	256	409	581	3.72e-13	63.5
0_259	1_81	26.174	149	94	3	100	232	49	197	6.49e-12	58.9
0_259	1_41	26.829	164	102	3	86	233	21	182	5.44e-10	53.1
0_259	1_126	28.205	156	85	4	104	256	48	179	2.73e-09	50.8
0_259	1_11	25.455	165	103	4	84	232	184	344	2.33e-07	45.8
0_259	1_106	24.848	165	104	4	84	232	192	352	5.35e-07	44.7
0_259	1_292	33.750	80	51	2	14	92	20	98	5.76e-07	43.9
0_259	1_10	21.591	176	121	3	95	253	13	188	3.03e-06	42.0
0_259	1_364	24.848	165	104	5	84	232	237	397	3.81e-06	42.0
0_259	1_278	25.828	151	89	4	102	232	74	221	1.99e-05	39.7
0_259	1_30	24.503	151	95	4	100	232	45	194	7.46e-05	37.7
0_259	1_180	24.503	151	95	4	100	232	187	336	7.80e-05	38.1
0_260	1_50	87.500	216	26	1	107	321	10	225	8.36e-135	377
0_260	1_347	72.321	112	10	2	103	213	1	92	4.18e-46	148
0_260	1_347	84.906	53	8	0	269	321	90	142	3.27e-25	94.0
0_260	1_80	27.700	213	115	10	24	210	25	224	1.22e-08	50.1
0_260	1_148	44.828	58	27	2	59	112	263	319	4.04e-07	46.2
0_260	1_181	24.554	224	131	9	6	207	12	219	4.33e-06	42.7
0_260	1_324	22.581	217	142	5	59	249	1	217	3.10e-05	39.3
0_261	1_199	73.043	345	89	2	89	432	143	484	0.0	533
0_261	1_199	63.902	205	74	0	414	618	608	812	1.14e-82	273
0_261	1_343	42.679	321	161	7	371	685	141	444	8.24e-76	246
0_262	1_140	99.476	191	1	0	1	191	1	191	1.02e-144	397
0_263	1_367	92.284	324	25	0	1	324	1	324	0.0	620
0_264	1_399	91.434	537	41	4	1	535	1	534	0.0	581
0_265	1_322	98.733	868	11	0	1	868	1	868	0.0	1795
0_266	1_58	98.400	125	2	0	1	125	1	125	2.14e-86	242
0_267	1_73	97.222	540	15	0	1	540	1	540	0.0	1103
0_268	1_416	95.267	486	20	1	1	483	26	511	0.0	971
0_268	1_279	31.034	58	38	1	205	262	375	430	2.05e-04	38.5
0_269	1_374	89.014	355	36	1	1	352	1	355	0.0	640
0_269	1_292	83.784	185	27	1	1	182	10	194	2.33e-112	321
0_269	1_352	39.763	337	193	4	2	336	13	341	1.52e-84	255
0_269	1_77	38.961	308	172	5	8	313	14	307	5.46e-66	207
0_269	1_296	42.132	197	110	1	33	229	1655	1847	6.54e-52	180
0_269	1_185	32.308	260	161	8	76	321	1	259	6.13e-35	125
0_269	1_180	26.908	249	163	4	70	300	89	336	7.85e-24	96.3
0_269	1_11	26.715	277	179	9	47	304	77	348	1.74e-20	86.7
0_269	1_106	26.966	267	171	9	57	304	95	356	6.26e-20	85.1
0_269	1_364	25.993	277	181	9	47	304	130	401	1.69e-19	84.0
0_269	1_30	29.231	195	119	4	124	300	1	194	2.25e-18	79.0
0_269	1_84	26.183	317	195	11	14	301	259	565	4.28e-16	73.9
0_269	1_81	24.658	219	145	4	124	323	5	222	1.16e-15	71.2
0_269	1_21	26.882	186	103	5	98	281	1473	1627	4.52e-14	68.2
0_269	1_126	26.437	174	109	3	129	301	5	160	3.54e-12	60.1
0_269	1_10	24.880	209	129	6	151	342	1	198	1.31e-11	58.9
0_269	1_278	21.739	276	188	7	95	351	1	267	1.44e-11	59.3
0_269	1_85	29.557	203	128	8	22	219	109	301	3.06e-11	58.2
0_269	1_41	25.414	181	117	4	138	301	3	182	2.49e-08	48.9
0_270	1_426	97.350	566	15	0	6	571	1	566	0.0	1154
0_271	1_111	39.655	116	64	4	1	111	1	115	4.49e-21	78.2
0_272	1_301	73.018	782	174	8	1	776	1	751	0.0	1091
0_273	1_381	98.137	644	12	0	1	644	1	644	0.0	1330
0_274	1_236	98.904	456	5	0	1	456	1	456	0.0	937
0_275	1_61	95.732	984	42	0	1	984	1	984	0.0	1932
0_276	1_120	89.247	186	19	1	1	186	1	185	2.52e-122	338
0_276	1_39	30.075	133	83	2	33	156	34	165	2.95e-10	53.1
0_276	1_39	35.870	92	55	2	45	133	77	167	2.85e-08	47.4
0_277	1_171	90.000	170	17	0	3	172	348	517	5.10e-113	326
0_278	1_177	98.271	347	5	1	1	346	1	347	0.0	695
0_279	1_362	89.041	584	61	2	1	582	1	583	0.0	1060
0_280	1_233	81.006	179	12	1	1	157	438	616	5.55e-95	282
0_280	1_9	81.006	179	12	1	1	157	568	746	1.57e-93	281
0_280	1_90	49.254	67	34	0	87	153	714	780	3.38e-14	63.9
0_280	1_158	52.459	61	29	0	87	147	630	690	5.13e-14	63.2
0_280	1_56	28.261	184	101	5	2	157	40	220	1.55e-13	60.8
0_280	1_156	28.743	167	92	4	2	141	321	487	2.94e-13	60.8
0_280	1_253	43.284	67	36	1	89	155	676	740	8.08e-13	59.7
0_280	1_74	24.852	169	106	6	2	154	505	668	7.95e-08	45.4
0_280	1_68	50.000	34	17	0	87	120	251	284	7.24e-06	39.3
0_281	1_258	73.558	416	110	0	1	416	269	684	0.0	660
0_281	1_272	32.180	289	185	4	6	293	377	655	8.92e-48	169
0_281	1_272	32.283	254	170	2	3	255	402	654	3.79e-40	147
0_281	1_272	28.912	294	195	6	10	299	322	605	5.51e-36	135
0_281	1_272	34.031	191	121	5	2	190	458	645	7.27e-31	120
0_281	1_272	28.972	214	135	7	89	296	286	488	2.12e-14	69.7
0_281	1_272	30.357	56	39	0	2	57	600	655	8.74e-06	42.4
0_281	1_62	34.866	261	159	6	7	260	238	494	7.36e-45	159
0_281	1_62	33.158	190	123	4	2	190	294	480	3.89e-30	117
0_281	1_62	27.619	315	182	9	10	300	92	384	6.81e-27	107
0_281	1_62	32.624	141	95	0	1	141	349	489	2.23e-20	88.2
0_281	1_62	37.931	58	36	0	4	61	437	494	2.51e-06	44.3
0_281	1_63	28.692	237	153	4	22	258	117	337	5.73e-24	98.2
0_281	1_63	39.683	126	75	1	24	149	218	342	1.05e-23	97.4
0_281	1_63	37.838	148	90	2	10	157	176	321	1.90e-23	96.7
0_281	1_63	28.794	257	147	7	110	331	120	375	2.04e-18	81.6
0_281	1_20	23.385	325	204	12	11	292	360	682	3.45e-13	66.2
0_281	1_20	23.944	284	191	10	10	271	203	483	1.00e-12	64.7
0_281	1_20	21.992	241	166	3	25	255	317	545	1.06e-11	61.2
0_281	1_20	24.437	311	176	16	11	301	172	443	3.63e-10	56.6
0_281	1_268	29.412	119	70	2	125	229	58	176	3.80e-05	39.3
0_281	1_268	22.159	176	116	5	15	175	10	179	1.96e-04	37.0
0_282	1_152	97.273	440	10	1	1	438	1	440	0.0	902
0_282	1_330	51.208	207	75	3	84	267	171	374	6.39e-64	214
0_283	1_306	99.228	259	2	0	1	259	1	259	0.0	536
0_283	1_218	26.718	262	143	9	1	258	1	217	3.26e-18	78.2
0_283	1_102	24.390	246	166	8	18	258	21	251	9.60e-16	70.9
0_283	1_360	26.820	261	156	13	15	258	20	262	7.06e-15	68.6
0_283	1_404	24.542	273	176	11	1	259	3	259	1.67e-14	67.4
0_283	1_27	24.812	266	174	11	1	258	1	248	1.32e-13	64.7
0_283	1_388	24.812	266	174	11	1	258	1	248	1.44e-13	64.7
0_283	1_14	23.792	269	174	10	1	258	1	249	6.99e-13	62.8
0_283	1_331	23.247	271	166	9	1	259	1	241	1.16e-12	61.2
0_283	1_285	29.245	106	69	2	153	258	20	119	2.39e-11	57.4
0_284	1_335	95.717	467	20	0	1	467	1	467	0.0	928
0_285	1_8	100.000	73	0	0	1	73	1	73	8.59e-52	151
0_286	1_2	98.614	433	6	0	37	469	54	486	0.0	892
0_287	1_143	96.585	205	6	1	1	204	1	205	1.70e-149	408
0_288	1_188	53.968	126	58	0	5	130	62	187	2.44e-44	147
0_288	1_9	35.455	110	60	4	24	130	57	158	1.03e-12	58.9
0_288	1_156	34.328	67	38	2	10	76	87	147	2.64e-05	37.4
0_288	1_387	31.818	66	36	2	31	96	133	189	3.09e-04	34.3
0_288	1_356	27.059	85	53	2	33	117	193	268	4.07e-04	33.9
0_288	1_158	32.812	64	34	2	33	96	70	124	4.09e-04	33.9
0_288	1_90	32.812	64	34	2	33	96	144	198	4.41e-04	33.9
0_289	1_278	95.833	288	12	0	114	401	1	288	0.0	592
0_289	1_84	41.927	384	211	5	28	400	251	633	2.06e-94	291
0_289	1_11	36.675	409	232	7	8	395	18	420	9.07e-80	247
0_289	1_106	37.500	400	223	7	17	395	35	428	6.35e-79	245
0_289	1_364	37.250	400	224	7	17	395	80	473	1.22e-77	243
0_289	1_180	38.360	378	207	11	43	398	44	417	7.90e-75	234
0_289	1_85	40.873	252	145	2	1	248	63	314	4.90e-61	195
0_289	1_30	38.519	270	145	7	148	398	8	275	2.39e-53	174
0_289	1_41	38.115	244	138	6	159	395	7	244	2.07e-48	160
0_289	1_81	36.842	266	149	6	146	395	10	272	3.50e-47	157
0_289	1_126	33.962	265	135	4	142	400	1	231	2.57e-42	143
0_289	1_10	36.400	250	139	4	168	399	1	248	1.48e-41	142
0_289	1_77	24.771	327	205	9	45	369	35	322	1.96e-15	71.6
0_289	1_374	23.154	298	200	10	46	338	34	307	3.40e-13	65.1
0_289	1_352	20.882	340	236	11	50	382	42	355	2.68e-11	58.9
0_289	1_296	22.995	187	140	4	50	234	1656	1840	2.49e-09	53.9
0_289	1_185	22.344	273	189	7	93	355	1	260	7.66e-09	51.2
0_289	1_21	20.690	232	132	5	85	315	1447	1627	1.30e-05	42.0
0_289	1_292	26.250	160	105	9	46	199	43	195	4.61e-04	35.8
0_290	1_214	89.754	244	24	1	68	311	14	256	4.05e-162	447
0_291	1_111	40.000	130	72	5	1	126	1	128	1.32e-18	71.6
0_292	1_10	83.333	102	17	0	28	129	1	102	3.74e-60	181
0_292	1_30	65.116	129	45	0	1	129	1	129	3.59e-58	176
0_292	1_180	65.116	129	45	0	1	129	143	271	7.24e-57	177
0_292	1_106	54.264	129	59	0	1	129	160	288	4.12e-50	160
0_292	1_81	53.488	129	60	0	1	129	5	133	6.85e-50	155
0_292	1_11	53.488	129	60	0	1	129	152	280	2.66e-49	157
0_292	1_364	54.264	129	59	0	1	129	205	333	8.19e-49	157
0_292	1_84	46.875	128	66	2	1	126	364	491	1.46e-37	129
0_292	1_41	47.009	117	61	1	13	129	1	116	2.64e-32	109
0_292	1_85	53.465	101	46	1	1	100	206	306	3.11e-32	110
0_292	1_278	43.902	123	67	1	4	124	31	153	7.02e-30	104
0_292	1_126	38.596	114	69	1	1	114	1	113	2.02e-24	89.0
0_292	1_352	28.736	87	61	1	1	86	132	218	5.72e-08	44.7
0_292	1_296	29.032	93	64	2	1	91	1746	1838	6.02e-08	45.1
0_292	1_77	29.070	86	53	1	9	94	138	215	3.89e-05	36.6
0_293	1_133	88.421	95	11	0	1	95	1	95	2.10e-57	183
0_293	1_176	71.963	107	18	1	1	95	1	107	2.78e-49	159
0_293	1_192	37.209	86	49	3	7	89	319	402	1.73e-14	62.8
0_293	1_161	32.558	86	49	4	7	87	181	262	3.52e-08	44.7
0_293	1_357	29.213	89	51	3	11	88	3	90	7.47e-05	35.4
0_293	1_266	29.213	89	51	3	11	88	3	90	8.80e-05	35.0
0_294	1_305	96.850	2857	90	0	597	3453	853	3709	0.0	5786
0_294	1_305	92.627	217	16	0	1	217	636	852	8.46e-119	419
0_294	1_308	96.409	2200	79	0	1	2200	1177	3376	0.0	4426
0_294	1_245	33.871	3221	1988	50	329	3450	695	3872	0.0	1778
0_294	1_222	30.377	3585	2295	61	1	3453	566	4081	0.0	1694
0_295	1_266	48.232	311	149	8	2	305	1	306	7.33e-93	274
0_295	1_357	48.397	312	147	8	2	305	1	306	2.74e-86	277
0_295	1_192	31.667	60	36	2	5	64	472	526	1.46e-04	38.1
0_296	1_13	94.386	570	28	4	1	568	1	568	0.0	1034
0_297	1_49	92.233	206	16	0	1	206	1	206	4.69e-129	357
0_298	1_393	87.524	529	39	2	1	505	1	526	0.0	892
0_299	1_35	80.992	484	66	4	1	482	1	460	0.0	791
0_299	1_12	35.965	114	70	1	185	298	3	113	1.98e-17	76.6
0_299	1_12	38.095	63	38	1	112	173	35	97	6.14e-08	48.5
0_299	1_230	40.449	89	53	0	210	298	64	152	2.00e-17	74.7
0_299	1_230	35.211	71	45	1	104	173	66	136	9.65e-11	55.5
0_299	1_59	35.897	117	72	1	182	298	375	488	1.12e-16	77.0
0_299	1_59	38.095	63	38	1	112	173	410	472	5.17e-10	56.2
0_299	1_297	37.975	79	49	0	210	288	25	103	3.43e-13	60.8
0_299	1_297	33.333	69	45	1	104	171	27	95	1.68e-09	50.1
0_299	1_138	37.681	69	43	0	210	278	36	104	8.81e-12	56.6
0_299	1_138	35.294	68	43	1	104	170	38	105	4.44e-10	52.0
0_299	1_165	52.000	50	24	0	249	298	981	1030	2.51e-11	60.8
0_299	1_354	35.484	62	39	1	104	164	27	88	1.50e-08	47.0
0_299	1_354	31.868	91	59	1	185	275	3	90	2.05e-08	46.6
0_300	1_74	38.988	336	135	11	1	270	331	662	1.24e-57	190
0_300	1_156	41.392	273	81	7	52	266	236	487	8.60e-52	171
0_300	1_56	39.269	219	68	6	114	273	2	214	6.41e-37	125
0_300	1_189	39.801	201	68	5	51	204	69	263	7.89e-35	122
0_300	1_233	23.077	325	189	6	5	270	282	604	2.13e-19	82.8
0_300	1_9	23.077	325	189	6	5	270	412	734	3.14e-19	82.4
0_300	1_158	26.498	317	172	10	3	274	392	692	2.59e-16	73.6
0_300	1_90	22.965	344	179	7	3	274	447	776	2.07e-15	70.9
0_300	1_253	33.803	71	45	1	200	270	662	730	5.61e-08	48.1
0_300	1_68	44.444	36	20	0	215	250	254	289	1.82e-05	40.0
0_300	1_357	23.164	177	124	3	2	166	1155	1331	1.43e-04	37.7
0_300	1_188	27.660	94	66	1	6	99	425	516	2.96e-04	36.6
0_301	1_270	92.920	113	7	1	8	119	315	427	2.14e-72	217
0_302	1_175	96.947	786	24	0	1	786	1	786	0.0	1579
0_302	1_325	96.563	611	21	0	176	786	11	621	0.0	1219
0_303	1_262	77.381	168	36	1	1	168	1	166	1.88e-95	269
0_304	1_313	75.224	335	77	4	1	329	1	335	8.18e-176	491
0_305	1_378	99.573	468	2	0	1	468	1	468	0.0	947
0_306	1_389	95.782	569	21	2	1	566	1	569	0.0	1107
0_307	1_261	95.357	280	13	0	1	280	1	280	0.0	558
0_308	1_370	94.671	319	17	0	1	319	1	319	0.0	605
0_309	1_111	44.828	116	62	2	1	115	1	115	6.99e-29	98.2
0_310	1_186	92.456	623	47	0	1	623	1	623	0.0	1196
0_311	1_424	99.189	493	4	0	59	551	29	521	0.0	1016
0_311	1_110	27.717	184	109	5	185	345	51	233	1.16e-10	58.9
0_311	1_425	25.503	149	92	6	209	343	599	742	4.56e-04	37.7
0_312	1_401	95.968	248	7	2	1	248	1	245	0.0	494
0_313	1_250	95.112	491	24	0	14	504	7	497	0.0	962
0_314	1_339	97.391	115	3	0	1	115	1	115	5.00e-82	231
0_315	1_255	96.947	655	20	0	1	655	1	655	0.0	1325
0_316	1_235	86.927	1048	131	6	1	1044	1	1046	0.0	1801
0_316	1_272	21.488	242	165	7	681	914	323	547	3.66e-06	45.4
0_317	1_46	91.807	415	29	1	1	410	1	415	0.0	786
0_318	1_320	98.343	543	9	0	1	543	1	543	0.0	1073
0_319	1_145	93.197	294	20	0	1	294	1	294	0.0	580
0_319	1_413	94.089	203	12	0	92	294	1	203	1.57e-143	397
0_320	1_394	100.000	115	0	0	1	115	1	115	5.21e-83	238
0_320	1_62	28.814	59	35	2	8	66	445	496	3.89e-04	33.5
0_320	1_272	33.871	62	33	3	8	68	610	664	6.36e-04	32.7
0_321	1_25	73.548	155	41	0	1	155	1	155	4.35e-83	237
0_321	1_232	73.548	155	41	0	1	155	1	155	2.18e-82	236
0_321	1_47	72.258	155	43	0	1	155	1	155	9.56e-82	233
0_321	1_237	71.074	121	35	0	1	121	1	121	1.81e-58	173
0_321	1_12	62.595	131	45	2	29	155	104	234	3.07e-52	161
0_322	1_403	57.738	336	131	5	1	332	1	329	2.76e-137	388
0_322	1_384	47.706	218	85	4	20	232	140	333	1.87e-60	195
0_323	1_87	92.901	493	35	0	1	493	1	493	0.0	943
0_324	1_404	59.138	487	194	3	27	513	3	484	0.0	619
0_324	1_14	43.852	488	254	9	27	509	1	473	7.24e-140	407
0_324	1_331	55.674	282	107	2	27	307	1	265	4.47e-112	328
0_324	1_27	34.732	429	257	9	27	448	1	413	2.16e-75	241
0_324	1_102	34.606	419	252	9	26	438	4	406	2.35e-74	236
0_324	1_388	32.808	381	236	8	27	400	1	368	3.05e-59	196
0_324	1_285	37.102	283	162	6	162	438	2	274	5.79e-58	189
0_324	1_218	27.347	490	282	17	32	511	5	430	5.76e-41	147
0_324	1_306	28.669	293	184	11	27	306	1	281	9.49e-19	81.6
0_324	1_360	22.905	358	239	13	43	376	23	367	9.23e-17	77.8
0_324	1_280	21.005	219	134	7	239	451	17	202	3.17e-08	48.9
0_324	1_248	30.000	100	62	3	279	372	2	99	6.49e-06	43.5
0_325	1_52	97.727	176	4	0	1	176	1	176	2.23e-129	355
0_326	1_127	88.861	395	39	1	1	395	1	390	0.0	708
0_326	1_204	34.579	321	194	6	76	395	1	306	7.80e-68	213
0_326	1_83	33.426	359	210	8	40	378	15	364	7.21e-55	181
0_326	1_311	35.510	245	126	6	175	395	1	237	1.44e-42	145
0_327	1_142	80.292	274	53	1	1	273	1	274	3.16e-162	446
0_328	1_149	98.586	778	11	0	1	778	1	778	0.0	1596
0_328	1_99	28.507	221	144	7	105	318	34	247	2.46e-20	88.6
0_328	1_99	27.586	232	141	9	445	660	14	234	8.14e-18	80.9
0_328	1_200	25.769	260	174	7	415	664	132	382	1.64e-16	77.4
0_328	1_200	25.112	223	149	7	88	305	169	378	1.02e-14	71.6
0_328	1_332	24.373	279	173	9	81	334	119	384	1.16e-14	71.6
0_328	1_332	25.000	340	176	13	459	731	132	459	8.71e-12	62.8
0_328	1_295	25.000	128	96	0	547	674	118	245	1.99e-09	53.9
0_328	1_295	26.357	129	83	4	214	334	135	259	1.10e-07	48.5
0_328	1_425	22.816	206	131	7	571	763	1031	1221	1.53e-08	52.8
0_328	1_425	20.670	179	130	5	207	373	1017	1195	1.16e-07	50.1
0_329	1_111	38.793	116	65	4	1	111	1	115	1.24e-20	77.0
0_330	1_302	80.102	196	39	0	126	321	16	211	1.36e-111	320
0_330	1_291	43.716	183	93	3	189	365	378	556	3.78e-37	136
0_330	1_131	29.592	98	63	2	266	359	831	926	4.79e-07	46.2
0_331	1_33	96.721	427	10	1	1	423	1	427	0.0	847
0_331	1_422	48.000	50	26	0	293	342	246	295	3.51e-11	59.7
0_332	1_54	98.905	548	6	0	1	548	1	548	0.0	1096
0_333	1_239	97.361	341	9	0	1	341	1	341	0.0	695
0_333	1_100	28.340	247	139	11	124	337	96	337	1.35e-19	83.2
0_334	1_62	94.351	655	37	0	1	655	1	655	0.0	1272
0_334	1_272	31.988	347	215	7	152	490	322	655	1.29e-51	186
0_334	1_272	30.805	435	260	11	49	462	241	655	2.54e-49	179
0_334	1_272	29.778	225	152	3	273	491	290	514	4.27e-26	108
0_334	1_272	21.788	179	86	4	94	233	496	659	3.22e-04	38.5
0_334	1_258	31.864	295	189	7	204	494	242	528	1.82e-44	164
0_334	1_258	31.672	341	211	10	183	511	252	582	2.01e-41	155
0_334	1_258	27.019	322	188	8	154	437	252	564	7.53e-29	117
0_334	1_258	23.697	211	120	6	92	297	391	565	3.14e-06	44.7
0_334	1_63	31.604	212	133	2	237	437	128	338	1.60e-31	122
0_334	1_63	33.173	208	117	3	183	376	135	334	6.03e-27	108
0_334	1_63	27.667	300	184	8	79	374	120	390	1.44e-22	95.5
0_334	1_63	31.461	178	106	2	330	492	133	309	6.59e-20	87.4
0_334	1_63	30.263	152	90	3	360	496	135	285	8.91e-12	62.0
0_334	1_20	25.060	415	241	12	90	465	166	549	1.10e-20	91.7
0_334	1_20	22.902	441	231	15	152	501	272	694	3.07e-16	77.4
0_334	1_20	21.739	460	268	15	89	465	269	719	2.58e-14	71.2
0_334	1_20	24.523	367	200	17	94	385	361	725	5.63e-10	57.0
0_334	1_268	24.419	172	110	5	307	463	10	176	1.80e-06	43.9
0_334	1_268	31.250	112	69	5	386	495	4	109	5.44e-06	42.4
0_334	1_268	28.926	121	73	3	182	292	57	174	1.45e-05	41.2
0_334	1_268	23.333	180	113	6	247	410	10	180	2.14e-05	40.4
0_335	1_240	83.371	439	67	1	1	433	1	439	0.0	767
0_335	1_336	75.277	271	60	2	169	433	52	321	3.68e-152	429
0_335	1_315	77.122	271	56	1	169	433	1026	1296	1.49e-147	447
0_336	1_304	96.360	522	19	0	1	522	1	522	0.0	1041
0_337	1_417	80.402	199	32	2	1	192	229	427	8.62e-110	315
0_338	1_224	95.021	241	12	0	1	241	1	241	2.02e-164	449
0_339	1_172	80.851	235	43	2	1	234	1	234	2.49e-128	357
0_340	1_421	87.160	662	84	1	1	661	1	662	0.0	1158
0_341	1_192	45.541	314	140	2	1	283	1	314	5.69e-90	284
0_341	1_161	42.735	117	63	3	1	115	1	115	3.65e-26	102
0_341	1_161	44.330	97	42	3	188	283	91	176	6.98e-15	69.3
0_342	1_191	81.978	455	82	0	31	485	18	472	0.0	761
0_342	1_57	21.460	452	315	14	46	480	37	465	1.64e-18	82.4
0_342	1_316	22.704	392	219	14	132	479	193	544	1.45e-05	42.0
0_343	1_42	99.018	509	5	0	1	509	1	509	0.0	1046
0_344	1_99	99.107	224	2	0	1	224	17	240	1.76e-172	474
0_344	1_332	26.271	236	137	6	15	222	133	359	5.81e-21	85.5
0_344	1_149	29.577	213	136	7	18	223	105	310	8.16e-21	85.5
0_344	1_149	28.436	211	130	7	17	218	462	660	1.36e-18	79.0
0_344	1_295	31.308	214	130	7	25	226	31	239	2.61e-17	73.9
0_344	1_200	29.126	206	125	9	20	218	187	378	5.69e-16	71.2
0_344	1_275	35.000	80	48	2	150	226	3	81	7.71e-08	45.8
0_344	1_425	24.427	131	80	5	106	224	1003	1126	3.43e-07	45.4
0_345	1_125	99.248	133	1	0	1	133	1	133	1.92e-97	271
0_346	1_130	99.157	356	3	0	1	356	1	356	0.0	727
0_347	1_30	76.786	168	4	1	1	133	109	276	4.51e-86	250
0_347	1_180	76.786	168	4	1	1	133	251	418	5.74e-85	252
0_347	1_10	40.491	163	63	1	4	132	85	247	1.33e-37	125
0_347	1_81	39.264	163	62	4	4	132	116	275	5.46e-35	119
0_347	1_364	38.037	163	65	4	2	130	314	474	1.42e-31	114
0_347	1_106	37.423	163	66	4	2	130	269	429	1.10e-30	110
0_347	1_11	36.810	163	67	4	2	130	261	421	3.95e-30	109
0_347	1_41	33.750	160	64	4	3	131	98	246	5.51e-18	73.9
0_347	1_278	30.137	146	84	3	4	132	141	285	2.90e-14	64.3
0_347	1_84	29.012	162	73	6	5	132	478	631	4.67e-10	52.8
0_347	1_126	26.667	150	72	5	13	132	88	229	2.29e-07	44.3
0_347	1_21	35.849	53	34	0	8	60	1569	1621	3.39e-05	38.5
0_348	1_182	95.902	610	25	0	44	653	41	650	0.0	1162
0_349	1_95	73.171	123	29	2	2	123	1	120	1.18e-60	177
0_350	1_317	80.208	192	38	0	18	209	223	414	3.15e-106	308
0_351	1_344	95.270	148	7	0	31	178	2	149	3.04e-105	293
0_352	1_219	69.915	585	167	5	156	734	1	582	0.0	837
0_353	1_410	97.338	263	7	0	1	263	1	263	0.0	531
0_354	1_187	83.065	124	21	0	1	124	1	124	6.89e-80	226
0_355	1_137	94.706	170	9	0	1	170	134	303	1.15e-118	333
0_355	1_226	53.383	133	62	0	1	133	131	263	2.43e-47	150
0_357	1_329	85.830	2830	343	17	1	2787	1	2815	0.0	4495
0_358	1_222	85.615	1439	201	3	1	1439	1294	2726	0.0	2567
0_358	1_245	37.534	1468	849	19	4	1435	1095	2530	0.0	970
0_358	1_305	34.161	1449	885	20	8	1439	989	2385	0.0	837
0_358	1_308	34.133	1459	872	23	8	1439	1909	3305	0.0	835
0_359	1_45	96.875	288	9	0	1	288	1	288	0.0	583
0_360	1_148	96.503	143	5	0	61	203	905	1047	1.26e-91	287
0_360	1_319	23.881	134	89	3	7	133	594	721	4.84e-04	35.4
0_361	1_265	95.736	516	22	0	1	516	1	516	0.0	1018
0_361	1_307	94.186	258	15	0	1	258	1	258	1.60e-177	495
0_362	1_195	99.087	1862	17	0	1	1862	1	1862	0.0	3851
0_363	1_103	90.795	239	22	0	1	239	56	294	2.29e-165	454
0_364	1_427	96.186	472	12	3	1	469	1	469	0.0	923
0_365	1_259	87.825	616	64	2	1	616	1	605	0.0	1107
0_366	1_277	90.578	467	44	0	1	467	1	467	0.0	870
0_366	1_213	39.858	424	246	3	30	444	83	506	7.29e-110	330
0_367	1_256	98.403	313	5	0	1	313	1	313	0.0	649
0_368	1_338	98.473	262	4	0	1	262	1	262	0.0	538
0_368	1_290	25.980	204	135	4	34	233	72	263	1.60e-12	62.0
0_369	1_257	89.474	247	26	0	1	247	1	247	8.13e-165	451
0_370	1_144	79.305	1208	241	4	1	1208	1	1199	0.0	1932
0_371	1_371	99.751	401	1	0	1	401	1	401	0.0	827
0_371	1_243	71.631	282	25	3	115	396	1	227	3.09e-132	396
0_371	1_194	35.000	400	234	6	20	394	195	593	4.37e-66	218
0_372	1_169	99.254	268	2	0	1	268	1	268	0.0	552
0_373	1_358	93.923	362	21	1	1	361	1	362	0.0	715
0_374	1_29	73.094	223	58	1	1	221	1	223	5.52e-96	276
0_375	1_174	97.506	441	10	1	339	779	271	710	0.0	875
0_375	1_174	100.000	270	0	0	1	270	1	270	0.0	551
0_376	1_111	40.000	120	49	3	1	97	1	120	6.02e-21	77.0
0_377	1_66	86.550	171	23	0	23	193	13	183	1.01e-98	279
0_378	1_122	92.336	535	41	0	1	535	1	535	0.0	981
0_379	1_28	98.137	322	5	1	1	321	1	322	0.0	645
0_379	1_267	32.456	114	64	3	208	320	107	208	9.32e-08	48.1
0_380	1_220	96.538	520	18	0	1	520	1	520	0.0	1038
0_381	1_81	82.716	162	14	2	1	149	115	275	2.47e-96	274
0_381	1_106	56.522	161	55	3	2	148	271	430	4.91e-58	181
0_381	1_11	55.280	161	57	3	2	148	263	422	3.23e-56	176
0_381	1_364	55.901	161	56	3	2	148	316	475	7.71e-56	177
0_381	1_10	43.636	165	76	4	1	149	84	247	3.80e-43	138
0_381	1_30	42.424	165	77	4	2	149	112	275	3.49e-41	134
0_381	1_180	42.424	165	77	4	2	149	254	417	2.37e-40	135
0_381	1_41	31.056	161	82	6	2	147	99	245	3.03e-16	68.2
0_381	1_84	33.929	168	76	7	3	149	478	631	4.13e-15	66.2
0_381	1_126	34.839	155	72	7	11	149	88	229	1.64e-13	60.5
0_381	1_278	38.202	89	39	3	2	76	141	227	8.79e-13	58.9
0_381	1_374	25.581	86	49	2	9	81	231	314	2.13e-04	35.0
0_381	1_352	25.000	80	45	2	5	71	234	311	8.92e-04	33.1
0_381	1_21	31.481	54	31	2	6	56	1569	1619	8.93e-04	33.5
0_382	1_408	100.000	127	0	0	1	127	1	127	1.46e-93	261
0_383	1_328	77.294	850	71	8	1	729	1	849	0.0	1220
0_384	1_274	97.568	370	9	0	1	370	1	370	0.0	742
0_385	1_67	95.327	107	5	0	1	107	1	107	1.95e-65	188
0_386	1_249	98.410	503	8	0	1	503	1	503	0.0	1034
0_387	1_430	97.300	1185	21	3	1	1185	1	1174	0.0	2365
0_387	1_431	92.534	1018	75	1	1	1018	7	1023	0.0	1946
0_388	1_428	90.034	592	47	3	1	582	21	610	0.0	1068
0_388	1_432	87.457	582	71	2	1	582	1	580	0.0	1045
0_388	1_429	27.723	303	167	9	196	455	1	294	3.83e-31	120
0_389	1_430	94.066	1028	11	3	1	981	1	1025	0.0	1995
0_389	1_431	88.016	1018	74	3	1	971	7	1023	0.0	1798
0_390	1_428	89.406	387	37	1	1	387	224	606	0.0	720
0_390	1_432	87.080	387	46	1	1	387	194	576	0.0	699
0_390	1_429	27.687	307	166	10	1	264	1	294	1.70e-30	116
0_391	1_430	93.744	1023	58	2	1	1020	1	1020	0.0	1998
0_391	1_431	88.703	1018	111	2	1	1015	7	1023	0.0	1860
0_392	1_430	84.795	1026	151	2	1	1026	1	1021	0.0	1799
0_392	1_431	80.980	1020	191	2	1	1020	7	1023	0.0	1674
0_393	1_429	87.529	433	50	3	1	432	1	430	0.0	694
0_393	1_428	28.179	291	154	10	15	293	235	482	3.00e-32	124
0_393	1_432	27.619	315	161	12	2	293	182	452	2.09e-31	121
0_394	1_430	87.512	1025	124	2	1	1025	1	1021	0.0	1857
0_394	1_431	85.868	1019	142	2	1	1019	7	1023	0.0	1779
0_394	1_249	23.661	224	142	9	311	529	287	486	5.28e-05	41.6
