1_0	0_53	100.000	385	0	0	1	385	1	385	0.0	804
1_0	0_196	24.632	272	158	6	23	285	288	521	2.23e-17	78.6
1_0	0_196	34.043	94	48	5	284	367	591	680	3.94e-06	43.1
1_2	0_286	98.614	433	6	0	54	486	37	469	0.0	892
1_3	0_44	70.068	147	11	1	67	213	1	114	4.99e-63	200
1_4	0_207	95.470	287	13	0	1	287	1	287	0.0	528
1_4	0_207	71.264	87	25	0	250	336	383	469	4.29e-32	119
1_5	0_18	80.896	335	14	2	22	356	1	285	0.0	524
1_5	0_100	20.763	236	174	3	192	427	107	329	8.18e-10	55.8
1_5	0_30	21.401	257	180	9	116	359	100	347	3.70e-05	40.8
1_5	0_236	38.000	50	31	0	607	656	325	374	6.73e-04	36.6
1_5	0_171	21.393	201	127	5	185	375	358	537	8.23e-04	36.6
1_6	0_25	93.363	226	15	0	1	226	1	226	1.80e-159	435
1_7	0_57	85.455	110	16	0	4	113	47	156	3.64e-70	202
1_7	0_132	31.818	110	61	5	4	108	41	141	1.38e-06	40.0
1_7	0_247	27.273	99	56	5	14	111	77	160	3.30e-04	33.1
1_8	0_285	100.000	73	0	0	1	73	1	73	6.73e-52	151
1_9	0_280	81.006	179	12	1	568	746	1	157	5.86e-93	281
1_9	0_171	29.070	688	433	17	66	736	186	835	3.11e-68	235
1_9	0_214	28.331	593	384	15	153	721	23	598	8.94e-55	193
1_9	0_107	23.729	413	219	11	67	477	88	406	1.02e-23	99.8
1_9	0_236	25.067	371	225	10	410	732	24	389	1.44e-19	86.3
1_9	0_300	23.077	325	189	6	412	734	5	270	6.52e-19	82.4
1_9	0_100	25.269	186	131	4	242	425	93	272	5.43e-15	72.4
1_9	0_288	35.455	110	60	4	57	158	24	130	4.44e-12	58.9
1_10	0_125	57.551	245	101	3	1	245	222	463	9.87e-99	291
1_10	0_292	83.333	102	17	0	1	102	28	129	5.59e-60	181
1_10	0_381	43.636	165	76	4	84	247	1	149	4.95e-43	138
1_10	0_289	36.400	250	139	4	1	248	168	399	7.16e-42	142
1_10	0_347	40.491	163	63	1	85	247	4	132	1.38e-37	125
1_10	0_5	34.413	247	113	6	1	247	174	371	6.79e-35	123
1_10	0_191	30.738	244	82	4	1	244	74	230	1.11e-27	101
1_10	0_269	27.545	167	103	4	1	166	151	300	1.17e-11	58.2
1_10	0_204	23.952	167	111	4	1	166	157	308	5.48e-11	56.2
1_10	0_259	21.591	176	121	3	13	188	95	253	2.35e-06	42.0
1_11	0_125	93.519	432	19	2	1	424	36	466	0.0	838
1_11	0_289	36.675	409	232	7	18	420	8	395	7.52e-80	247
1_11	0_5	37.084	391	195	8	32	420	27	368	6.80e-75	233
1_11	0_381	55.280	161	57	3	263	422	2	148	7.20e-56	176
1_11	0_191	34.603	315	119	7	109	422	4	232	3.18e-52	170
1_11	0_292	53.488	129	60	0	152	280	1	129	6.79e-49	157
1_11	0_347	36.810	163	67	4	261	421	2	130	7.01e-30	109
1_11	0_204	27.113	284	190	6	63	345	42	309	1.59e-25	101
1_11	0_269	26.715	277	179	9	77	348	47	304	1.74e-20	86.7
1_11	0_121	31.250	112	73	3	103	210	78	189	1.72e-08	48.9
1_11	0_259	25.455	165	103	4	184	344	84	232	4.01e-07	45.4
1_12	0_321	62.595	131	45	2	104	234	29	155	3.76e-52	161
1_12	0_299	36.937	111	67	1	3	110	185	295	7.80e-18	76.6
1_12	0_299	38.095	63	38	1	35	97	112	173	1.82e-08	48.5
1_13	0_296	93.158	570	35	4	1	568	1	568	0.0	1014
1_14	0_324	43.852	488	254	9	1	473	27	509	5.25e-140	407
1_14	0_159	91.870	123	10	0	258	380	8	130	3.91e-82	246
1_14	0_69	38.397	237	138	6	180	415	1	230	9.83e-49	162
1_14	0_283	23.792	269	174	10	1	249	1	258	1.01e-12	62.8
1_14	0_132	24.845	161	104	3	213	361	1	156	6.76e-10	54.7
1_14	0_247	19.573	281	198	7	193	471	4	258	1.82e-08	50.4
1_14	0_57	26.357	129	85	4	209	335	2	122	2.00e-08	48.5
1_14	0_250	28.125	96	52	3	1	87	1	88	2.64e-06	40.8
1_15	0_179	87.681	276	32	1	1	274	89	364	2.19e-173	478
1_16	0_124	76.442	208	42	3	1	208	1	201	1.66e-109	307
1_17	0_102	96.057	279	11	0	1	279	1	279	0.0	559
1_18	0_92	93.126	451	31	0	1	451	1	451	0.0	892
1_18	0_199	27.363	201	108	7	249	420	675	866	2.46e-13	66.6
1_19	0_242	72.706	839	192	8	451	1261	1	830	0.0	1154
1_20	0_168	75.764	1015	187	18	4	996	19	996	0.0	1434
1_20	0_168	67.742	124	35	3	890	1009	974	1096	1.06e-36	144
1_20	0_148	24.359	390	210	15	332	719	318	624	6.97e-22	96.3
1_20	0_148	24.164	269	172	7	296	549	373	624	2.38e-20	91.3
1_20	0_148	24.390	328	187	9	146	434	344	649	3.15e-14	71.2
1_20	0_148	30.159	126	72	6	596	719	314	425	1.24e-05	43.5
1_20	0_334	25.783	415	238	13	166	549	90	465	7.64e-22	95.5
1_20	0_334	24.451	364	218	13	361	719	154	465	1.19e-17	82.0
1_20	0_334	23.583	441	228	16	272	694	152	501	1.54e-17	81.6
1_20	0_334	23.497	366	194	14	361	719	94	380	3.64e-12	64.3
1_20	0_67	26.160	237	135	6	332	556	130	338	1.66e-19	86.7
1_20	0_67	22.414	290	167	12	141	407	112	366	1.82e-08	52.0
1_20	0_67	22.800	250	131	8	415	649	128	330	9.11e-07	46.6
1_20	0_67	25.106	235	111	7	492	719	127	303	2.64e-06	45.1
1_20	0_281	23.692	325	203	12	360	682	11	292	3.43e-14	70.1
1_20	0_281	24.514	257	165	6	317	570	25	255	1.39e-12	65.1
1_20	0_281	23.944	284	191	10	203	483	10	271	1.74e-12	64.7
1_20	0_281	24.437	311	176	16	172	443	11	301	6.23e-10	56.6
1_20	0_316	19.583	240	176	5	324	549	674	910	0.001	37.0
1_21	0_5	30.851	188	112	4	1453	1623	97	283	1.85e-16	77.8
1_21	0_204	31.522	184	91	5	1473	1623	104	285	1.71e-15	74.3
1_21	0_269	26.882	186	103	5	1473	1627	98	281	2.04e-13	68.2
1_21	0_191	33.140	172	102	6	1471	1633	19	186	1.26e-12	63.9
1_21	0_121	33.333	87	55	2	1471	1554	101	187	1.81e-07	47.8
1_21	0_158	34.426	61	37	2	2	60	4	63	2.61e-05	42.7
1_21	0_289	20.690	232	132	5	1447	1627	85	315	4.19e-05	42.0
1_21	0_347	35.849	53	34	0	1569	1621	8	60	2.34e-04	38.5
1_22	0_73	94.888	313	14	2	1	312	1	312	0.0	572
1_22	0_182	40.741	81	41	1	52	132	64	137	5.12e-14	64.3
1_22	0_139	43.478	92	46	2	53	141	44	132	7.23e-13	62.4
1_22	0_41	48.438	64	31	1	72	133	87	150	1.18e-11	57.4
1_23	0_54	88.109	513	61	0	1	513	1	513	0.0	933
1_23	0_76	30.737	475	301	9	21	485	28	484	7.09e-65	214
1_24	0_179	67.262	336	56	5	267	550	10	343	1.24e-133	404
1_24	0_116	41.339	254	144	2	518	768	574	825	3.22e-56	204
1_24	0_50	26.522	230	147	6	652	872	267	483	3.20e-15	73.9
1_25	0_321	73.548	155	41	0	1	155	1	155	3.94e-83	237
1_26	0_56	92.765	2405	173	1	31	2434	1	2405	0.0	4327
1_27	0_324	34.732	429	257	9	1	413	27	448	1.82e-80	253
1_27	0_69	50.431	232	110	4	185	414	1	229	6.18e-76	232
1_27	0_159	42.017	119	62	3	261	376	12	126	1.91e-23	91.7
1_27	0_283	25.564	266	172	11	1	248	1	258	5.01e-17	75.5
1_27	0_247	21.818	220	143	4	198	412	4	199	1.85e-14	68.9
1_27	0_132	24.883	213	112	9	218	412	1	183	2.45e-11	59.3
1_28	0_379	98.137	322	5	1	1	322	1	321	0.0	645
1_29	0_374	73.094	223	58	1	1	223	1	221	3.46e-105	299
1_30	0_125	50.183	273	132	4	1	273	195	463	1.19e-97	289
1_30	0_347	76.786	168	4	1	109	276	1	133	5.21e-86	250
1_30	0_292	65.116	129	45	0	1	129	1	129	5.97e-58	176
1_30	0_289	38.519	270	145	7	8	275	148	398	1.29e-53	174
1_30	0_5	34.545	275	127	8	2	275	149	371	3.55e-42	143
1_30	0_381	42.424	165	77	4	112	275	2	149	5.06e-41	134
1_30	0_191	39.326	178	66	2	2	179	48	183	3.47e-33	116
1_30	0_269	29.231	195	119	4	1	194	124	300	1.56e-18	79.0
1_30	0_204	24.873	197	129	6	1	195	130	309	1.57e-13	64.3
1_30	0_259	24.503	151	95	4	45	194	100	232	7.84e-05	37.4
1_31	0_164	84.191	272	30	2	1	259	159	430	1.23e-168	468
1_31	0_1	83.824	272	31	2	1	259	159	430	3.44e-168	467
1_32	0_120	51.955	179	73	1	324	489	27	205	5.41e-56	183
1_33	0_331	96.721	427	10	1	1	427	1	423	0.0	847
1_33	0_210	48.000	50	26	0	293	342	245	294	6.52e-12	61.6
1_34	0_139	95.950	321	7	2	1	318	1	318	0.0	617
1_34	0_73	33.613	119	73	3	61	178	73	186	3.05e-13	63.5
1_34	0_182	40.741	81	43	2	50	128	65	142	4.18e-12	58.9
1_34	0_41	46.296	54	22	2	66	116	93	142	6.65e-08	46.6
1_35	0_299	79.878	492	57	5	1	460	1	482	0.0	788
1_36	0_182	97.500	200	5	0	1	200	1	200	6.44e-144	394
1_36	0_41	50.704	71	33	1	73	141	83	153	4.49e-15	65.5
1_36	0_73	50.000	56	28	0	82	137	77	132	1.45e-13	62.4
1_36	0_139	36.782	87	52	1	59	142	42	128	1.99e-12	59.3
1_37	0_170	96.817	1351	43	0	79	1429	1	1351	0.0	2694
1_37	0_226	31.120	241	145	7	292	525	713	939	2.30e-24	105
1_38	0_110	92.847	685	27	3	1	663	1	685	0.0	1159
1_39	0_99	85.465	516	74	1	1	515	1	516	0.0	876
1_39	0_276	30.075	133	83	2	34	165	33	156	6.91e-10	53.1
1_39	0_276	35.870	92	55	2	77	167	45	133	5.80e-08	47.4
1_40	0_229	92.422	607	42	3	1	605	1	605	0.0	1044
1_41	0_191	67.717	254	10	3	1	254	59	240	1.08e-112	318
1_41	0_125	41.245	257	135	3	2	244	208	462	6.91e-63	199
1_41	0_289	38.115	244	138	6	7	244	159	395	1.03e-48	160
1_41	0_5	35.178	253	120	5	2	245	152	369	1.29e-42	144
1_41	0_292	47.009	117	61	1	1	116	13	129	4.04e-32	109
1_41	0_347	33.750	160	64	4	98	246	3	131	5.87e-18	73.9
1_41	0_381	31.056	161	82	6	99	245	2	147	4.05e-16	68.2
1_41	0_204	25.281	178	117	3	9	185	150	312	1.09e-13	64.3
1_41	0_259	26.282	156	99	2	27	182	94	233	4.61e-10	53.1
1_41	0_269	25.414	181	117	4	3	182	138	301	1.41e-08	48.9
1_42	0_343	99.018	509	5	0	1	509	1	509	0.0	1046
1_43	0_164	99.087	438	4	0	1	438	1	438	0.0	904
1_43	0_1	98.858	438	5	0	1	438	1	438	0.0	903
1_44	0_206	86.074	833	112	2	1	830	1	832	0.0	1485
1_45	0_359	96.875	288	9	0	1	288	1	288	0.0	583
1_46	0_317	91.807	415	29	1	1	415	1	410	0.0	786
1_47	0_321	72.258	155	43	0	1	155	1	155	7.49e-82	233
1_48	0_235	96.324	680	25	0	1	680	1	680	0.0	1367
1_49	0_297	92.233	206	16	0	1	206	1	206	4.33e-129	357
1_50	0_260	87.500	216	26	1	10	225	107	321	2.09e-114	325
1_51	0_80	95.402	261	8	2	1	260	1	258	0.0	511
1_51	0_19	44.776	67	37	0	70	136	133	199	1.56e-13	63.9
1_52	0_325	97.727	176	4	0	1	176	1	176	1.75e-129	355
1_54	0_332	98.905	548	6	0	1	548	1	548	0.0	1096
1_55	0_249	86.742	264	33	2	1	262	1	264	6.01e-159	437
1_56	0_214	39.594	197	107	1	2	198	414	598	2.38e-45	154
1_56	0_300	39.269	219	68	6	2	214	114	273	3.93e-37	125
1_56	0_171	37.755	98	57	2	124	217	742	839	2.43e-14	65.9
1_56	0_280	28.261	184	101	5	40	220	2	157	1.70e-13	60.8
1_56	0_236	24.545	220	110	7	39	213	185	393	8.73e-12	58.2
1_57	0_22	86.200	471	65	0	1	471	1	471	0.0	825
1_57	0_342	21.460	452	315	14	37	465	46	480	1.26e-18	82.4
1_57	0_151	25.874	143	98	4	326	465	4	141	6.19e-08	46.6
1_57	0_194	34.694	49	32	0	51	99	203	251	1.25e-04	38.5
1_58	0_266	98.400	125	2	0	1	125	1	125	1.68e-86	242
1_59	0_299	35.897	117	72	1	375	488	182	298	1.47e-16	76.3
1_59	0_299	38.095	63	38	1	410	472	112	173	4.42e-10	55.8
1_60	0_152	97.917	336	6	1	1	336	1	335	0.0	677
1_61	0_275	95.732	984	42	0	1	984	1	984	0.0	1932
1_62	0_334	94.351	655	37	0	1	655	1	655	0.0	1244
1_62	0_148	32.011	353	219	7	146	490	310	649	4.67e-53	190
1_62	0_148	32.258	372	209	10	94	462	318	649	1.17e-48	177
1_62	0_148	30.114	352	198	11	78	404	320	648	7.95e-40	150
1_62	0_148	25.688	109	54	1	152	233	545	653	2.12e-04	38.5
1_62	0_281	34.866	261	159	6	238	494	7	260	7.60e-45	160
1_62	0_281	33.158	190	123	4	294	480	2	190	5.27e-30	117
1_62	0_281	27.619	315	182	9	92	384	10	300	7.95e-27	107
1_62	0_281	32.624	141	95	0	349	489	1	141	2.73e-20	88.2
1_62	0_281	37.931	58	36	0	437	494	4	61	3.32e-06	43.9
1_62	0_67	33.171	205	127	3	242	437	128	331	2.91e-38	141
1_62	0_67	35.071	211	117	4	178	376	125	327	7.35e-35	132
1_62	0_67	27.703	296	185	6	302	569	128	422	1.25e-30	119
1_62	0_67	29.389	262	154	7	79	339	115	346	6.24e-26	105
1_62	0_168	25.783	415	243	13	85	465	172	555	7.98e-23	98.2
1_62	0_168	26.554	354	212	15	154	465	371	718	3.53e-19	86.7
1_62	0_168	24.419	430	227	18	152	501	282	693	1.52e-17	81.3
1_62	0_168	25.556	270	178	8	244	495	184	448	2.20e-16	77.4
1_62	0_168	25.915	355	190	16	93	380	370	718	4.23e-12	63.5
1_62	0_168	23.333	360	222	12	94	413	535	880	1.02e-04	39.7
1_62	0_175	32.500	120	68	3	183	292	46	162	1.66e-09	52.4
1_62	0_175	30.000	130	76	3	349	463	35	164	2.82e-08	48.9
1_62	0_175	40.741	54	31	1	443	495	44	97	7.72e-06	41.6
1_62	0_175	27.200	125	75	5	302	410	44	168	1.68e-05	40.4
1_62	0_316	20.732	328	196	12	244	552	682	964	7.24e-04	37.0
1_63	0_67	93.256	430	27	1	6	435	1	428	0.0	833
1_63	0_148	36.889	225	124	5	135	342	377	600	2.71e-40	148
1_63	0_148	33.641	217	128	4	128	342	341	543	1.53e-32	125
1_63	0_148	30.045	223	111	3	133	325	432	639	8.00e-31	120
1_63	0_148	34.091	176	99	4	133	306	488	648	1.44e-26	107
1_63	0_148	30.000	210	128	5	133	338	288	482	3.29e-25	103
1_63	0_148	30.058	173	104	3	116	285	499	657	8.35e-23	95.9
1_63	0_148	27.273	110	74	4	242	345	267	376	2.48e-07	47.4
1_63	0_334	31.081	222	138	3	121	338	227	437	2.17e-36	135
1_63	0_334	34.615	208	114	3	135	334	183	376	5.13e-32	123
1_63	0_334	27.667	300	184	8	120	390	79	374	1.06e-24	101
1_63	0_334	30.601	183	111	2	128	309	325	492	1.84e-24	100
1_63	0_334	30.263	152	90	3	135	285	360	496	1.07e-16	76.6
1_63	0_334	24.088	137	90	1	116	252	369	491	1.23e-10	57.8
1_63	0_281	29.333	225	139	4	117	339	22	228	1.83e-29	113
1_63	0_281	36.913	149	93	1	195	342	1	149	7.70e-29	112
1_63	0_281	37.838	148	90	2	176	321	10	157	6.17e-28	109
1_63	0_281	28.794	257	147	7	120	375	110	331	3.97e-22	92.4
1_63	0_168	24.904	261	154	6	135	367	342	588	6.57e-20	87.0
1_63	0_168	28.986	138	93	2	178	310	310	447	3.90e-12	62.8
1_63	0_168	21.912	251	130	10	175	373	181	417	5.02e-08	49.7
1_63	0_168	26.087	230	138	9	133	336	425	648	5.15e-08	49.3
1_63	0_168	24.615	260	155	9	135	371	501	742	9.12e-08	48.5
1_63	0_168	24.424	217	104	7	128	310	528	718	2.34e-06	44.3
1_63	0_168	20.570	316	182	11	69	339	561	852	8.94e-05	38.9
1_63	0_175	24.194	124	78	4	172	279	40	163	1.73e-06	42.7
1_64	0_199	88.189	508	60	0	4	511	392	899	0.0	941
1_64	0_199	72.973	370	100	0	7	376	5	374	0.0	582
1_64	0_92	24.658	365	213	13	135	485	112	428	3.53e-15	72.0
1_65	0_224	92.751	469	34	0	1	469	1	469	0.0	878
1_66	0_377	86.550	171	23	0	13	183	23	193	7.54e-99	279
1_67	0_385	95.327	107	5	0	1	107	1	107	3.31e-58	169
1_68	0_255	54.661	236	36	4	1	165	1	236	7.25e-72	217
1_68	0_171	32.692	104	68	2	188	289	710	813	4.30e-10	54.7
1_68	0_236	45.455	44	24	0	241	284	325	368	3.60e-06	42.4
1_68	0_214	43.243	37	21	0	253	289	555	591	7.11e-06	41.6
1_68	0_280	50.000	34	17	0	251	284	87	120	1.04e-05	39.3
1_68	0_300	44.444	36	20	0	254	289	215	250	1.47e-05	40.0
1_69	0_134	67.347	147	48	0	1	147	1	147	1.40e-72	209
1_69	0_187	67.347	147	48	0	1	147	18	164	2.34e-72	209
1_70	0_27	98.806	335	3	1	91	425	269	602	0.0	694
1_70	0_202	45.312	256	133	5	173	423	958	1211	3.97e-66	223
1_70	0_131	36.626	243	138	8	183	420	65	296	2.95e-41	143
1_70	0_149	30.804	224	144	5	210	424	145	366	1.27e-35	129
1_71	0_220	97.087	309	9	0	27	335	1	309	0.0	612
1_72	0_257	87.702	496	58	1	1	493	1	496	0.0	879
1_73	0_267	97.222	540	15	0	1	540	1	540	0.0	1103
1_74	0_214	90.357	560	33	1	119	657	45	604	0.0	1038
1_74	0_300	38.988	336	135	11	331	662	1	270	2.32e-57	190
1_74	0_171	25.378	595	358	18	123	669	284	840	3.77e-32	127
1_74	0_236	21.739	391	224	10	328	659	21	388	6.72e-16	74.7
1_74	0_100	24.868	189	132	5	160	345	90	271	1.25e-09	55.1
1_74	0_107	24.400	250	136	9	123	363	165	370	8.07e-09	52.8
1_74	0_280	24.852	169	106	6	505	668	2	154	2.67e-07	45.4
1_75	0_61	81.250	416	73	4	1	411	1	416	0.0	701
1_75	0_146	23.164	177	112	5	116	280	381	545	1.16e-04	38.5
1_76	0_109	26.282	156	96	4	40	195	33	169	5.86e-11	56.2
1_77	0_259	96.951	164	5	0	160	323	94	257	1.02e-115	331
1_77	0_259	98.947	95	1	0	1	95	1	95	1.53e-60	190
1_77	0_204	42.737	358	177	6	9	351	12	356	7.01e-92	274
1_77	0_269	37.349	332	192	5	14	331	8	337	1.98e-66	208
1_77	0_5	30.743	296	169	11	25	305	38	312	2.94e-21	88.2
1_77	0_289	24.771	327	205	9	35	322	45	369	1.11e-15	72.0
1_77	0_125	23.588	301	203	7	25	298	86	386	4.87e-15	70.1
1_77	0_121	24.277	173	116	6	20	180	20	189	2.21e-09	51.2
1_77	0_191	22.897	214	131	3	84	289	1	188	1.45e-07	46.2
1_77	0_292	29.070	86	53	1	138	215	9	94	8.33e-05	36.6
1_78	0_29	94.118	646	16	1	1	646	1	624	0.0	1262
1_79	0_145	95.238	210	10	0	1	210	1	210	4.71e-145	397
1_80	0_192	51.673	269	110	9	1	259	1	259	9.90e-83	245
1_80	0_253	32.456	228	136	7	3	226	13	226	1.18e-29	107
1_80	0_260	25.943	212	120	9	25	224	24	210	3.86e-06	42.0
1_81	0_125	62.868	272	99	2	4	274	194	464	2.97e-127	365
1_81	0_381	82.716	162	14	2	115	275	1	149	3.58e-96	274
1_81	0_5	38.745	271	118	6	6	275	148	371	9.34e-52	168
1_81	0_292	53.488	129	60	0	5	133	1	129	1.14e-49	155
1_81	0_289	36.842	266	149	6	10	272	146	395	1.88e-47	157
1_81	0_191	43.716	183	60	3	4	185	45	185	4.71e-38	129
1_81	0_347	39.264	163	62	4	116	275	4	132	6.29e-35	119
1_81	0_204	25.128	195	130	3	5	198	130	309	8.43e-16	70.9
1_81	0_269	25.373	201	132	3	5	204	124	307	2.02e-15	69.7
1_81	0_259	26.174	149	94	3	49	197	100	232	6.14e-12	58.9
1_82	0_13	92.565	1076	71	4	1	1075	1	1068	0.0	1643
1_83	0_23	79.847	392	74	2	1	387	1	392	0.0	627
1_83	0_326	33.426	359	210	8	15	364	40	378	9.02e-56	183
1_83	0_68	31.285	358	222	7	18	365	21	364	1.45e-48	165
1_83	0_154	28.198	344	214	7	58	380	68	399	3.61e-37	134
1_84	0_5	56.397	383	125	3	251	633	33	373	2.94e-144	419
1_84	0_289	41.927	384	211	5	251	633	28	400	4.53e-94	290
1_84	0_125	38.422	393	216	9	251	628	81	462	5.52e-74	240
1_84	0_191	32.899	307	126	6	323	629	5	231	1.82e-42	148
1_84	0_292	46.875	128	66	2	364	491	1	126	5.59e-37	129
1_84	0_204	28.704	324	191	10	274	590	40	330	1.80e-24	99.8
1_84	0_269	26.183	317	195	11	259	565	14	301	1.10e-16	76.3
1_84	0_381	33.929	168	76	7	478	631	3	149	3.60e-15	67.8
1_84	0_259	29.121	182	95	7	409	581	100	256	1.60e-12	62.4
1_84	0_347	29.012	162	73	6	478	631	5	132	2.12e-10	55.1
1_84	0_121	29.878	164	94	6	270	423	37	189	8.42e-06	41.6
1_85	0_5	64.486	214	74	1	63	274	1	214	2.56e-99	292
1_85	0_289	40.873	252	145	2	63	314	1	248	3.02e-61	195
1_85	0_125	44.037	218	120	2	87	303	75	291	5.18e-55	180
1_85	0_191	47.581	124	65	0	165	288	5	128	1.35e-36	126
1_85	0_292	53.465	101	46	1	206	306	1	100	5.90e-32	110
1_85	0_204	33.333	192	119	5	116	305	40	224	1.49e-17	76.6
1_85	0_269	29.557	203	128	8	109	301	22	219	1.70e-11	58.5
1_85	0_121	28.659	164	96	6	112	265	37	189	1.06e-06	42.7
1_86	0_161	88.435	147	16	1	14	159	13	159	1.16e-90	273
1_87	0_323	92.901	493	35	0	1	493	1	493	0.0	955
1_89	0_167	81.646	158	29	0	1	158	1	158	7.35e-97	271
1_90	0_171	90.875	800	48	3	2	782	50	843	0.0	1465
1_90	0_107	67.666	467	57	10	73	537	50	424	0.0	599
1_90	0_107	62.500	120	12	3	640	759	408	494	2.94e-34	132
1_90	0_214	24.032	620	367	19	206	759	17	598	7.14e-35	135
1_90	0_236	24.390	369	225	11	450	770	27	389	5.56e-18	81.6
1_90	0_300	22.965	344	179	7	447	776	3	274	4.52e-15	70.9
1_90	0_280	49.254	67	34	0	714	780	87	153	1.32e-13	63.9
1_91	0_131	96.463	311	11	0	1	311	1	311	0.0	634
1_91	0_202	37.643	263	146	9	51	301	957	1213	5.42e-44	155
1_91	0_27	37.037	243	137	8	65	296	360	597	6.10e-41	145
1_91	0_149	31.441	229	128	9	87	296	144	362	9.56e-23	91.7
1_92	0_108	94.485	1378	73	3	1	1377	1	1376	0.0	2623
1_93	0_60	85.812	437	54	1	1	437	1	429	0.0	777
1_94	0_95	97.357	454	12	0	1	454	1	454	0.0	904
1_95	0_349	73.171	123	29	2	1	120	2	123	9.05e-61	177
1_96	0_188	94.860	214	11	0	411	624	1	214	2.87e-150	429
1_96	0_211	89.441	161	14	1	467	624	1	161	8.88e-99	295
1_96	0_231	79.444	180	33	1	449	624	60	239	1.18e-94	287
1_96	0_231	98.795	83	1	0	1	83	1	83	5.75e-53	177
1_97	0_87	88.268	179	21	0	6	184	1	179	2.16e-115	320
1_98	0_2	93.379	589	39	0	1	589	1	589	0.0	1166
1_99	0_344	99.107	224	2	0	17	240	1	224	2.19e-172	474
1_99	0_213	25.305	328	194	8	33	319	255	572	2.55e-27	107
1_99	0_328	28.507	221	144	7	34	247	105	318	9.81e-21	88.2
1_99	0_328	27.586	232	141	9	14	234	445	660	3.21e-18	80.5
1_99	0_243	28.302	318	195	12	25	319	15	322	8.07e-18	78.2
1_99	0_208	29.091	220	132	10	36	245	187	392	3.79e-16	73.6
1_99	0_75	25.899	139	84	5	122	248	968	1099	9.76e-08	48.1
1_100	0_70	88.323	334	36	2	10	343	1	331	0.0	605
1_100	0_333	28.340	247	139	11	96	337	124	337	1.06e-19	83.2
1_101	0_86	94.851	369	19	0	1	369	1	369	0.0	692
1_102	0_69	54.955	222	91	8	188	405	1	217	1.17e-77	235
1_102	0_324	34.606	419	252	9	4	406	26	438	1.45e-74	236
1_102	0_159	35.652	115	71	2	266	379	14	126	1.50e-21	85.9
1_102	0_247	24.645	211	130	5	201	406	4	190	1.65e-16	74.7
1_102	0_283	24.390	246	166	8	21	251	18	258	1.18e-15	70.9
1_102	0_132	29.078	141	83	5	221	347	1	138	1.43e-11	59.7
1_102	0_250	28.736	87	55	4	5	86	1	85	1.76e-04	35.4
1_103	0_363	90.795	239	22	0	56	294	1	239	2.21e-165	454
1_105	0_241	94.427	2207	87	3	1	2207	1	2171	0.0	3908
1_106	0_125	96.065	432	16	1	1	432	36	466	0.0	868
1_106	0_289	37.500	400	223	7	35	428	17	395	5.36e-79	245
1_106	0_5	36.908	401	202	8	30	428	17	368	6.22e-76	236
1_106	0_381	56.522	161	55	3	271	430	2	148	1.11e-57	181
1_106	0_191	34.286	315	120	6	117	430	4	232	2.40e-52	171
1_106	0_292	54.264	129	59	0	160	288	1	129	1.07e-49	160
1_106	0_347	37.423	163	66	4	269	429	2	130	2.00e-30	110
1_106	0_204	27.113	284	190	6	71	353	42	309	6.58e-25	99.8
1_106	0_269	24.638	276	186	6	85	356	47	304	6.93e-20	85.1
1_106	0_121	31.250	112	73	3	111	218	78	189	1.76e-08	48.9
1_106	0_259	24.848	165	104	4	192	352	84	232	9.47e-07	44.3
1_107	0_234	92.188	192	15	0	13	204	4	195	1.90e-132	365
1_108	0_173	92.173	741	57	1	1	740	1	741	0.0	1379
1_109	0_219	93.333	120	6	1	178	297	1	118	1.27e-79	235
1_110	0_123	92.188	192	9	1	256	447	1	186	2.87e-113	353
1_110	0_123	27.857	140	81	5	528	660	80	206	4.20e-06	44.3
1_110	0_311	27.717	184	109	5	51	233	185	345	3.45e-10	58.9
1_111	0_197	55.556	144	60	3	1	142	1	142	4.39e-49	149
1_111	0_55	47.414	116	59	2	1	115	1	115	3.34e-30	101
1_111	0_98	41.463	123	68	3	1	121	1	121	4.24e-28	95.9
1_111	0_43	45.455	132	67	5	1	129	1	130	2.48e-24	86.3
1_111	0_142	46.212	132	66	5	1	129	1	130	3.50e-24	85.9
1_111	0_309	45.690	116	61	2	1	115	1	115	1.80e-21	79.0
1_111	0_271	39.655	116	64	4	1	115	1	111	4.13e-21	78.2
1_111	0_376	40.000	120	49	3	1	120	1	97	6.63e-21	77.0
1_111	0_329	38.793	116	65	4	1	115	1	111	1.14e-20	77.0
1_111	0_35	38.519	135	72	7	1	128	1	131	5.00e-19	72.8
1_111	0_77	39.474	114	64	4	8	121	1	109	5.50e-19	72.4
1_111	0_291	40.000	130	72	5	1	128	1	126	1.21e-18	71.6
1_111	0_21	33.333	132	83	3	1	128	1	131	7.19e-18	69.7
1_111	0_37	38.583	127	67	7	1	120	1	123	4.72e-17	68.6
1_111	0_11	36.449	107	58	3	1	105	1	99	8.08e-17	67.0
1_112	0_20	96.862	701	21	1	1	700	1	701	0.0	1403
1_113	0_9	95.215	209	10	0	1	209	1	209	9.83e-126	348
1_114	0_157	96.123	5675	78	8	32	5564	41	5715	0.0	11112
1_115	0_248	88.858	709	70	3	1	709	1	700	0.0	1255
1_116	0_41	99.490	196	1	0	41	236	1	196	9.06e-147	402
1_116	0_182	50.704	71	33	1	123	193	73	141	1.68e-14	64.7
1_116	0_73	49.180	61	29	1	130	190	75	133	2.58e-11	56.6
1_116	0_139	46.296	54	22	2	133	182	66	116	1.54e-07	45.4
1_117	0_222	92.623	122	9	0	108	229	22	143	8.46e-67	197
1_118	0_16	99.606	508	2	0	331	838	135	642	0.0	1043
1_118	0_171	29.108	213	125	7	99	298	193	392	9.29e-15	72.8
1_118	0_107	21.782	202	104	6	99	298	94	243	1.88e-05	42.4
1_118	0_100	29.268	82	57	1	250	330	86	167	8.20e-04	37.0
1_119	0_176	96.962	395	12	0	1	395	1	395	0.0	800
1_120	0_276	89.247	186	19	1	1	185	1	186	1.96e-122	338
1_120	0_99	30.769	130	80	2	33	153	34	162	2.28e-10	53.1
1_121	0_194	96.464	509	16	1	112	620	126	632	0.0	993
1_121	0_22	39.474	38	23	0	202	239	62	99	8.14e-04	36.2
1_122	0_378	92.336	535	41	0	1	535	1	535	0.0	955
1_123	0_42	90.545	275	25	1	1	275	1	274	0.0	512
1_123	0_104	31.868	91	54	2	14	104	21	103	3.32e-07	44.7
1_124	0_46	67.760	183	45	2	1	183	1	169	2.27e-86	246
1_124	0_96	35.211	71	41	2	4	71	10	78	2.68e-09	48.1
1_125	0_345	99.248	133	1	0	1	133	1	133	1.50e-97	271
1_126	0_5	52.174	230	105	2	2	231	149	373	4.00e-75	227
1_126	0_289	33.962	265	135	4	1	231	142	400	1.16e-42	143
1_126	0_125	33.333	267	131	6	4	226	199	462	9.31e-38	132
1_126	0_191	32.301	226	110	5	2	227	49	231	8.12e-31	108
1_126	0_292	38.596	114	69	1	1	113	1	114	2.82e-24	89.0
1_126	0_204	28.910	211	117	6	1	188	130	330	9.52e-14	63.9
1_126	0_381	34.839	155	72	7	88	229	11	149	1.99e-13	60.5
1_126	0_269	26.437	174	109	3	5	160	129	301	2.41e-12	59.7
1_126	0_259	28.205	156	85	4	48	179	104	256	2.77e-09	50.4
1_126	0_347	26.667	150	72	5	88	229	13	132	2.22e-07	44.3
1_127	0_326	88.861	395	39	1	1	390	1	395	0.0	730
1_127	0_68	36.152	343	204	6	48	379	26	364	1.91e-75	236
1_127	0_154	34.770	348	199	8	84	405	69	414	1.45e-64	207
1_127	0_23	33.780	373	209	11	48	393	23	384	5.74e-50	168
1_128	0_47	83.730	252	19	2	611	862	1	230	2.51e-146	428
1_129	0_150	89.474	114	12	0	1	114	1	114	7.34e-74	212
1_130	0_346	99.157	356	3	0	1	356	1	356	0.0	727
1_130	0_212	99.115	339	3	0	1	339	1	339	0.0	690
1_131	0_120	55.135	185	82	1	143	327	24	207	5.54e-66	214
1_131	0_330	28.571	98	64	2	831	926	266	359	1.82e-04	38.9
1_132	0_198	98.253	229	4	0	1	229	1	229	1.07e-167	456
1_133	0_293	87.629	97	12	0	1	97	1	97	1.63e-57	186
1_134	0_221	98.271	1041	17	1	7	1047	4	1043	0.0	2105
1_135	0_254	98.350	606	2	1	1	606	1	598	0.0	1233
1_136	0_119	94.946	930	46	1	21	950	1	929	0.0	1840
1_137	0_355	94.706	170	9	0	134	303	1	170	1.61e-118	333
1_137	0_238	45.525	257	139	1	10	266	8	263	1.34e-82	245
1_138	0_299	37.681	69	43	0	36	104	210	278	1.21e-12	57.0
1_138	0_299	35.294	68	43	1	38	105	104	170	5.13e-11	52.4
1_139	0_209	97.959	196	4	0	1	196	1	196	2.67e-145	397
1_140	0_262	99.476	191	1	0	1	191	1	191	9.44e-145	397
1_141	0_219	95.041	121	4	1	178	298	1	119	7.23e-83	242
1_142	0_327	80.292	274	53	1	1	274	1	273	1.56e-149	414
1_143	0_287	96.585	205	6	1	1	205	1	204	1.34e-149	408
1_144	0_370	79.305	1208	241	4	1	1199	1	1208	0.0	1944
1_145	0_319	93.333	300	20	0	1	300	1	300	0.0	591
1_146	0_52	58.801	517	203	5	4	512	22	536	0.0	575
1_147	0_83	73.061	245	45	2	1	224	36	280	2.41e-126	355
1_148	0_360	96.503	143	5	0	905	1047	61	203	5.73e-91	287
1_148	0_179	31.841	201	125	4	9	201	14	210	1.24e-21	92.8
1_148	0_171	32.258	93	54	3	1182	1271	173	259	1.07e-07	50.4
1_148	0_260	40.845	71	36	3	263	331	59	125	4.78e-07	47.4
1_148	0_192	21.212	231	154	6	263	492	52	255	1.66e-06	45.4
1_148	0_107	31.169	77	44	3	1192	1265	84	154	1.32e-04	40.0
1_148	0_253	23.246	228	121	10	244	466	48	226	1.49e-04	39.3
1_149	0_328	98.586	778	11	0	1	778	1	778	0.0	1596
1_149	0_344	29.577	213	136	7	105	310	18	223	2.77e-20	85.1
1_149	0_344	28.436	211	130	7	462	660	17	218	4.44e-18	79.0
1_149	0_208	25.769	260	174	7	415	664	132	382	1.16e-16	77.4
1_149	0_208	22.932	266	186	8	88	347	169	421	6.23e-15	72.0
1_149	0_213	24.731	279	172	9	81	334	239	504	4.75e-16	76.3
1_149	0_213	25.882	340	173	15	459	731	252	579	5.67e-13	66.2
1_149	0_243	24.046	262	162	7	428	674	6	245	7.00e-12	62.0
1_149	0_243	26.016	123	79	4	214	328	135	253	3.06e-07	47.4
1_149	0_75	24.155	207	127	8	571	763	996	1186	1.36e-08	52.8
1_149	0_75	21.154	156	116	4	207	355	982	1137	7.97e-08	50.1
1_150	0_156	91.692	325	4	1	1	325	1	302	0.0	608
1_151	0_104	93.916	263	16	0	46	308	7	269	0.0	513
1_151	0_42	32.222	90	54	1	60	142	14	103	3.51e-07	45.1
1_152	0_282	97.273	440	10	1	1	440	1	438	0.0	902
1_152	0_143	51.208	207	75	3	84	267	171	374	1.91e-64	214
1_153	0_185	96.766	402	13	0	1	402	1	402	0.0	814
1_154	0_183	74.752	202	50	1	1	201	1	202	1.08e-109	307
1_155	0_50	39.298	285	172	1	575	859	210	493	1.37e-54	193
1_155	0_116	29.940	334	208	7	425	750	510	825	7.10e-25	105
1_156	0_300	41.392	273	81	7	236	487	52	266	1.17e-51	171
1_156	0_214	34.982	283	133	2	236	478	327	598	4.36e-48	169
1_156	0_214	50.000	60	29	1	178	236	7	66	3.19e-11	59.7
1_156	0_280	28.743	167	92	4	321	487	2	141	7.16e-13	60.8
1_156	0_171	40.659	91	43	3	405	484	742	832	1.16e-12	64.7
1_156	0_171	27.211	147	80	6	111	253	187	310	3.88e-08	50.1
1_156	0_236	23.415	205	102	5	320	478	185	380	2.23e-11	59.7
1_156	0_288	34.328	67	38	2	87	147	10	76	7.45e-05	37.4
1_157	0_118	95.028	885	44	0	1	885	18	902	0.0	1739
1_158	0_171	91.197	727	35	1	1	698	117	843	0.0	1378
1_158	0_107	68.880	482	41	6	1	482	52	424	0.0	639
1_158	0_107	62.185	119	12	3	557	675	409	494	1.26e-33	129
1_158	0_214	25.753	598	374	20	132	675	17	598	2.05e-36	139
1_158	0_300	26.498	317	172	10	392	692	3	274	5.04e-16	73.6
1_158	0_280	52.459	61	29	0	630	690	87	147	1.79e-13	63.2
1_158	0_236	37.333	75	45	1	612	686	317	389	1.60e-09	54.7
1_158	0_236	25.000	180	125	6	395	567	27	203	1.18e-07	48.9
1_158	0_100	24.859	177	106	6	219	383	77	238	2.43e-05	41.6
1_159	0_48	98.601	143	2	0	1	143	1	143	8.55e-101	280
1_160	0_200	93.750	688	42	1	1	688	1	687	0.0	1369
1_161	0_62	39.011	182	102	4	1	176	1	179	8.05e-36	130
1_161	0_341	42.735	117	63	3	1	115	1	115	5.56e-26	102
1_161	0_341	44.330	97	42	3	91	176	188	283	1.06e-14	69.3
1_161	0_15	34.483	174	96	7	1	167	1	163	1.31e-24	100
1_161	0_293	32.558	86	49	4	181	262	7	87	1.44e-07	44.7
1_162	0_180	35.354	297	174	6	229	510	960	1253	8.09e-46	167
1_162	0_180	33.981	309	165	6	5	286	8	304	1.44e-40	151
1_162	0_180	29.032	186	103	6	82	254	920	1089	1.90e-05	41.6
1_163	0_66	91.803	122	10	0	1	122	1	122	3.67e-78	221
1_164	0_84	94.106	509	27	2	1	506	1	509	0.0	965
1_165	0_236	40.483	373	200	6	608	977	3	356	8.43e-78	256
1_165	0_171	30.435	552	344	12	269	812	166	685	2.57e-54	198
1_165	0_214	27.429	638	365	16	352	973	15	570	1.91e-50	183
1_165	0_107	30.435	322	163	9	283	601	81	344	7.60e-29	116
1_165	0_100	25.258	194	136	5	450	642	86	271	3.13e-11	61.2
1_165	0_299	52.000	50	24	0	981	1030	249	298	3.97e-11	60.8
1_166	0_177	56.566	198	83	2	1	195	1	198	2.75e-79	231
1_167	0_215	89.030	474	46	4	1	470	1	472	0.0	653
1_168	0_81	93.514	848	54	1	1	848	1	847	0.0	1597
1_169	0_372	99.254	268	2	0	1	268	1	268	0.0	552
1_170	0_129	92.532	549	41	0	1	549	1	549	0.0	1048
1_171	0_201	93.810	517	32	0	1	517	1	517	0.0	1020
1_171	0_277	90.000	170	17	0	348	517	3	172	1.20e-112	326
1_172	0_339	84.322	236	33	4	1	234	1	234	9.50e-129	358
1_173	0_26	73.394	109	29	0	1	109	1	109	7.22e-49	146
1_174	0_375	97.506	441	10	1	271	710	339	779	0.0	875
1_174	0_375	100.000	270	0	0	1	270	1	270	0.0	551
1_175	0_302	96.947	786	24	0	1	786	1	786	0.0	1579
1_176	0_293	71.560	109	19	1	1	109	1	97	1.48e-49	161
1_177	0_278	98.271	347	5	1	1	347	1	346	0.0	695
1_178	0_242	67.810	758	155	6	49	731	33	776	0.0	954
1_179	0_19	89.316	234	23	2	1	232	122	355	4.53e-145	404
1_179	0_80	44.776	67	37	0	12	78	70	136	4.18e-14	64.3
1_180	0_125	45.433	427	215	6	3	415	41	463	2.19e-134	389
1_180	0_347	76.786	168	4	1	251	418	1	133	1.01e-84	252
1_180	0_289	36.740	411	230	12	15	417	10	398	2.92e-76	238
1_180	0_5	33.491	424	222	11	1	417	1	371	6.09e-66	210
1_180	0_292	65.116	129	45	0	143	271	1	129	1.43e-56	177
1_180	0_191	38.739	222	94	2	100	321	4	183	2.62e-43	146
1_180	0_381	42.424	165	77	4	254	417	2	149	5.91e-40	134
1_180	0_269	26.908	249	163	4	89	336	70	300	7.17e-24	96.3
1_180	0_204	25.795	283	192	6	56	337	44	309	2.94e-22	91.7
1_180	0_259	24.503	151	95	4	187	336	100	232	1.24e-04	37.7
1_181	0_192	27.143	140	87	4	12	147	10	138	3.66e-10	55.1
1_181	0_253	25.385	130	89	4	12	140	20	142	1.11e-05	40.8
1_181	0_260	24.554	224	131	9	12	219	6	207	1.31e-05	41.2
1_182	0_348	95.902	610	25	0	41	650	44	653	0.0	1164
1_183	0_203	88.350	103	12	0	191	293	1	103	8.90e-64	191
1_184	0_113	82.443	131	21	1	65	193	1	131	7.62e-77	221
1_185	0_121	98.198	111	2	0	1	111	79	189	9.56e-79	233
1_185	0_269	33.333	237	146	7	1	236	76	301	7.85e-35	124
1_185	0_204	32.472	271	168	8	1	270	82	338	6.79e-34	122
1_185	0_125	25.306	245	166	6	3	236	149	387	4.37e-16	72.8
1_185	0_5	27.984	243	134	8	1	236	99	307	3.95e-15	69.7
1_185	0_259	34.395	157	90	5	95	245	98	247	1.06e-14	67.4
1_185	0_289	22.344	273	189	7	1	260	93	355	4.58e-09	51.2
1_185	0_191	20.745	188	117	3	23	210	19	174	5.67e-07	44.3
1_186	0_310	92.456	623	47	0	1	623	1	623	0.0	1206
1_187	0_354	83.065	124	21	0	1	124	1	124	5.40e-80	226
1_188	0_288	53.968	126	58	0	62	187	5	130	8.09e-44	147
1_188	0_214	27.273	418	256	12	162	552	10	406	1.04e-33	130
1_188	0_171	25.106	470	284	13	91	530	187	618	2.69e-27	111
1_188	0_107	24.679	312	163	12	88	395	85	328	5.05e-13	65.5
1_188	0_100	24.500	200	120	7	275	447	97	292	1.72e-07	48.1
1_188	0_236	26.852	108	79	0	424	531	26	133	2.67e-05	40.8
1_188	0_30	26.772	127	86	5	243	368	143	263	1.64e-04	38.5
1_188	0_300	27.660	94	66	1	425	516	6	99	4.72e-04	36.6
1_189	0_214	38.158	228	137	1	49	272	302	529	6.04e-46	158
1_189	0_300	39.801	201	68	5	69	263	51	204	6.65e-35	122
1_189	0_179	50.000	52	26	0	4	55	310	361	2.92e-11	57.8
1_190	0_188	93.478	230	15	0	411	640	1	230	2.41e-152	434
1_190	0_211	88.136	177	18	1	467	640	1	177	2.70e-101	301
1_190	0_231	86.705	173	19	1	472	640	83	255	4.84e-97	293
1_190	0_231	100.000	83	0	0	1	83	1	83	2.82e-54	181
1_191	0_342	81.978	455	82	0	18	472	31	485	0.0	789
1_191	0_151	78.767	146	31	0	327	472	1	146	3.04e-81	243
1_191	0_22	24.777	448	305	15	33	467	37	465	1.82e-17	79.0
1_192	0_341	45.541	314	140	2	1	314	1	283	1.00e-89	285
1_192	0_15	51.053	190	92	1	833	1021	184	373	9.88e-56	192
1_192	0_15	41.667	132	65	3	1	122	1	130	2.54e-26	106
1_192	0_15	36.434	129	61	2	199	327	87	194	1.71e-11	61.6
1_192	0_62	42.623	122	59	2	1	111	1	122	4.61e-28	110
1_192	0_62	44.828	87	41	4	219	301	91	174	6.55e-12	62.0
1_192	0_62	41.250	80	45	1	837	914	216	295	5.63e-06	43.9
1_192	0_293	37.209	86	49	3	319	402	7	89	1.53e-13	62.8
1_192	0_295	31.667	60	36	2	472	526	5	64	4.49e-04	37.7
1_193	0_245	82.975	511	87	0	1	511	1	511	0.0	863
1_194	0_140	96.667	690	14	2	1	690	1	681	0.0	1349
1_194	0_371	33.729	421	244	6	174	593	8	394	5.43e-65	215
1_195	0_362	99.087	1862	17	0	1	1862	1	1862	0.0	3851
1_196	0_6	99.405	168	1	0	1	168	1	168	8.54e-124	340
1_197	0_50	38.247	251	155	0	42	292	210	460	7.36e-50	169
1_197	0_116	37.500	176	108	1	42	217	652	825	1.02e-24	100
1_197	0_171	44.304	79	43	1	296	373	430	508	1.38e-15	72.8
1_197	0_214	34.177	79	48	1	289	363	181	259	2.03e-10	56.6
1_197	0_107	43.548	62	34	1	296	356	281	342	1.54e-08	50.4
1_197	0_100	26.437	87	60	2	289	374	165	248	2.49e-04	37.0
1_198	0_39	90.678	354	33	0	1	354	1	354	0.0	676
1_199	0_261	73.043	345	89	2	143	484	89	432	9.12e-174	512
1_199	0_261	63.902	205	74	0	608	812	414	618	5.94e-75	252
1_200	0_208	99.312	436	3	0	1	436	1	436	0.0	906
1_200	0_75	43.478	161	84	3	281	434	982	1142	7.01e-38	141
1_200	0_75	30.841	107	61	5	176	269	791	897	3.36e-06	43.9
1_200	0_328	25.283	265	179	7	127	382	410	664	6.91e-17	77.4
1_200	0_328	25.112	223	149	7	169	378	88	305	4.31e-15	72.0
1_200	0_344	29.126	206	125	9	187	378	20	218	8.60e-16	71.2
1_200	0_243	24.257	202	134	6	188	372	27	226	7.48e-06	42.0
1_200	0_213	21.759	216	134	7	187	371	258	469	1.24e-05	41.6
1_201	0_71	92.296	636	48	1	1	636	1	635	0.0	1201
1_202	0_133	60.870	138	49	3	58	192	17	152	1.28e-48	154
1_203	0_137	99.103	223	2	0	22	244	1	223	3.04e-165	450
1_204	0_68	49.211	380	123	2	1	310	53	432	5.99e-122	352
1_204	0_326	34.579	321	194	6	1	306	76	395	4.64e-68	213
1_204	0_154	34.713	314	174	5	25	308	85	397	1.88e-50	167
1_204	0_23	31.061	264	164	3	63	308	120	383	3.66e-37	131
1_205	0_138	93.460	474	30	1	1	473	1	474	0.0	891
1_206	0_190	87.534	369	44	2	3	371	1	367	0.0	661
1_207	0_226	97.556	941	21	2	1	940	1	940	0.0	1886
1_207	0_170	31.120	241	145	7	713	939	214	447	8.70e-25	105
1_208	0_147	92.446	556	38	2	1	552	1	556	0.0	966
1_209	0_181	61.329	331	116	4	1	320	1	330	6.83e-138	389
1_210	0_258	93.559	885	47	6	1	875	53	937	0.0	1687
1_211	0_40	97.008	1036	31	0	3	1038	1	1036	0.0	2096
1_212	0_96	91.346	104	9	0	1	104	31	134	1.88e-68	207
1_212	0_128	55.263	38	16	1	11	47	47	84	1.13e-06	44.3
1_212	0_46	33.333	54	34	1	9	60	30	83	1.54e-05	39.7
1_213	0_239	95.294	510	24	0	1	510	1	510	0.0	1018
1_213	0_366	39.858	424	246	3	83	506	30	444	1.44e-103	313
1_214	0_290	89.754	244	24	1	14	256	68	311	6.76e-162	446
1_215	0_31	93.143	875	51	1	1	866	1	875	0.0	1672
1_216	0_117	98.165	763	14	0	1	763	1	763	0.0	1563
1_217	0_76	70.877	285	78	3	1	281	1	284	2.94e-136	399
1_217	0_76	72.574	237	53	4	283	507	1	237	1.47e-114	343
1_217	0_54	27.106	273	169	11	24	278	21	281	5.21e-10	55.8
1_217	0_54	27.703	148	86	6	303	441	21	156	1.13e-06	45.1
1_218	0_250	92.727	110	8	0	1	110	1	110	2.60e-69	210
1_218	0_69	38.696	230	128	4	153	372	2	228	2.13e-49	162
1_218	0_324	27.347	490	282	17	5	430	32	511	3.80e-41	147
1_218	0_132	27.155	232	141	7	188	406	4	220	8.40e-23	93.2
1_218	0_247	26.068	234	152	7	165	393	4	221	9.18e-22	90.9
1_218	0_159	32.877	146	82	5	231	364	14	155	1.14e-18	77.8
1_218	0_283	26.718	262	143	9	1	217	1	258	4.26e-18	78.2
1_218	0_57	25.694	144	93	4	181	310	2	145	1.06e-12	60.8
1_219	0_352	69.915	585	167	5	1	582	156	734	0.0	837
1_220	0_380	96.538	520	18	0	1	520	1	520	0.0	1038
1_221	0_249	92.453	265	19	1	1	264	1	265	5.21e-172	470
1_222	0_358	85.615	1439	201	3	1294	2726	1	1439	0.0	2585
1_222	0_294	30.078	3594	2294	60	566	4081	1	3453	0.0	1675
1_222	0_112	30.181	3585	2302	64	566	4081	806	4258	0.0	1674
1_222	0_135	41.743	872	471	6	957	1814	84	932	0.0	687
1_223	0_28	56.000	150	64	2	111	259	22	170	2.24e-56	188
1_224	0_338	95.021	241	12	0	1	241	1	241	6.96e-175	475
1_225	0_163	98.276	174	3	0	1	174	1	174	3.51e-127	349
1_226	0_238	93.165	278	19	0	1	278	1	278	0.0	512
1_226	0_355	51.020	147	72	0	131	277	1	147	4.94e-50	157
1_227	0_155	91.209	455	40	0	512	966	1	455	0.0	871
1_228	0_88	78.738	301	59	3	92	389	1	299	1.02e-179	496
1_229	0_255	94.853	272	14	0	1	272	1	272	0.0	506
1_230	0_299	40.449	89	53	0	64	152	210	298	6.18e-18	74.7
1_230	0_299	35.211	71	45	1	66	136	104	173	3.16e-11	55.5
1_231	0_63	94.863	292	15	0	66	357	1	292	0.0	553
1_232	0_321	73.548	155	41	0	1	155	1	155	2.27e-82	236
1_233	0_280	81.006	179	12	1	438	616	1	157	1.71e-94	282
1_233	0_171	30.500	600	377	15	24	606	259	835	6.78e-62	214
1_233	0_214	28.451	594	382	15	23	591	23	598	1.96e-55	193
1_233	0_236	25.067	371	225	10	280	602	24	389	1.10e-19	86.3
1_233	0_300	23.077	325	189	6	282	604	5	270	3.66e-19	82.8
1_233	0_107	25.000	328	182	8	22	347	141	406	4.09e-19	85.1
1_233	0_100	25.269	186	131	4	112	295	93	272	7.04e-15	71.6
1_234	0_144	91.200	375	26	1	1	375	44	411	0.0	709
1_235	0_316	86.927	1048	131	6	1	1046	1	1044	0.0	1837
1_235	0_148	24.034	233	129	8	683	910	317	506	4.46e-07	48.1
1_236	0_274	98.904	456	5	0	1	456	1	456	0.0	937
1_237	0_321	71.074	121	35	0	1	121	1	121	1.11e-58	173
1_239	0_333	97.361	341	9	0	1	341	1	341	0.0	695
1_239	0_70	27.734	256	143	12	117	337	77	325	4.18e-17	75.5
1_240	0_335	83.371	439	67	1	1	439	1	433	0.0	767
1_241	0_8	62.712	354	131	1	1	354	1	353	1.46e-162	454
1_242	0_100	89.806	412	13	1	1	412	89	471	0.0	731
1_242	0_30	33.935	277	175	3	4	274	165	439	6.28e-48	165
1_242	0_214	23.810	189	134	5	2	183	107	292	2.87e-10	56.2
1_242	0_18	25.000	84	63	0	63	146	168	251	8.31e-07	44.7
1_242	0_171	23.158	190	125	6	1	183	347	522	4.60e-05	40.0
1_243	0_371	71.631	282	25	3	1	227	115	396	5.43e-132	396
1_243	0_140	28.716	296	131	6	12	235	305	592	8.80e-31	123
1_244	0_97	99.206	126	1	0	1	126	1	126	1.45e-90	253
1_245	0_294	33.871	3221	1988	50	695	3872	329	3450	0.0	1764
1_245	0_112	33.890	3231	1980	53	695	3875	1134	4258	0.0	1759
1_245	0_135	95.657	852	37	0	755	1606	80	931	0.0	1707
1_245	0_358	37.534	1468	849	19	1095	2530	4	1435	0.0	970
1_246	0_166	78.409	264	44	5	19	270	17	279	2.34e-142	396
1_247	0_36	95.382	563	26	0	1	563	1	563	0.0	1094
1_248	0_69	34.694	98	59	3	2	99	63	155	5.68e-12	61.6
1_248	0_219	30.400	125	81	5	841	962	5	126	2.75e-06	43.5
1_248	0_324	30.000	100	62	3	2	99	279	372	1.24e-05	43.5
1_248	0_132	23.478	115	76	2	1	103	29	143	2.01e-05	42.4
1_248	0_57	30.556	72	48	1	3	72	37	108	1.36e-04	38.5
1_248	0_159	29.114	79	51	2	21	99	16	89	1.72e-04	38.1
1_249	0_386	98.410	503	8	0	1	503	1	503	0.0	1034
1_249	0_394	23.661	224	142	9	287	486	311	529	1.66e-05	41.6
1_250	0_313	95.112	491	24	0	7	497	14	504	0.0	962
1_251	0_126	91.155	407	32	1	641	1047	629	1031	0.0	726
1_252	0_89	96.550	4406	150	2	1	4406	1	4404	0.0	8856
1_253	0_236	96.482	398	10	2	340	736	3	397	0.0	780
1_253	0_214	26.617	665	394	16	84	725	11	604	7.09e-61	210
1_253	0_171	28.598	542	347	15	10	540	173	685	5.84e-55	197
1_253	0_171	34.737	95	60	1	647	739	748	842	1.34e-10	58.9
1_253	0_107	24.586	423	223	10	17	433	81	413	1.12e-23	99.8
1_253	0_100	23.024	291	199	7	176	465	84	350	3.05e-15	73.2
1_253	0_280	43.284	67	36	1	676	740	89	155	2.52e-12	60.1
1_253	0_300	33.803	71	45	1	662	730	200	270	1.07e-07	48.5
1_253	0_18	29.630	81	50	3	270	349	189	263	2.46e-04	37.7
1_254	0_217	97.527	283	7	0	24	306	1	283	0.0	578
1_255	0_315	96.947	655	20	0	1	655	1	655	0.0	1325
1_256	0_367	98.403	313	5	0	1	313	1	313	0.0	649
1_257	0_369	89.474	247	26	0	1	247	1	247	6.37e-165	451
1_258	0_281	73.558	416	110	0	269	684	1	416	0.0	660
1_258	0_281	35.160	219	130	5	250	458	67	283	2.16e-32	124
1_258	0_148	29.712	313	208	4	251	561	347	649	4.77e-45	167
1_258	0_148	28.022	364	241	9	209	564	246	596	7.61e-39	148
1_258	0_148	34.634	205	127	5	250	450	460	661	6.30e-32	127
1_258	0_334	31.864	295	189	7	242	528	204	494	2.30e-44	163
1_258	0_334	31.672	341	211	10	252	582	183	511	2.77e-41	154
1_258	0_334	23.697	211	120	6	391	565	92	297	3.63e-06	44.3
1_258	0_67	31.660	259	154	6	202	447	87	335	3.17e-32	124
1_258	0_67	28.464	267	147	7	348	595	113	354	9.04e-23	95.9
1_258	0_67	29.208	202	111	3	235	405	151	351	4.02e-21	90.9
1_258	0_168	23.390	295	194	6	247	527	279	555	5.25e-13	66.6
1_258	0_168	23.822	382	217	13	252	564	342	718	2.25e-12	64.7
1_258	0_168	24.242	363	211	14	251	587	183	507	5.45e-11	60.1
1_258	0_175	24.324	185	86	7	260	443	36	167	8.37e-06	41.6
1_258	0_175	26.829	123	68	3	393	497	46	164	7.67e-04	35.4
1_259	0_365	87.825	616	64	2	1	605	1	616	0.0	1107
1_260	0_106	97.959	441	9	0	1	441	1	441	0.0	894
1_261	0_307	95.357	280	13	0	1	280	1	280	0.0	558
1_262	0_303	77.381	168	36	1	1	166	1	168	1.47e-95	269
1_263	0_85	95.294	85	4	0	1	85	1	85	1.39e-56	164
1_264	0_233	66.031	262	71	1	4	247	1	262	7.28e-124	354
1_265	0_361	95.736	516	22	0	1	516	1	516	0.0	1017
1_266	0_295	48.232	311	149	8	1	306	2	305	6.17e-93	274
1_266	0_293	29.213	89	51	3	3	90	11	88	2.13e-04	35.0
1_267	0_51	92.784	97	7	0	38	134	20	116	2.50e-60	196
1_267	0_379	32.456	114	64	3	107	208	208	320	3.07e-07	48.1
1_268	0_175	89.172	157	17	0	37	193	25	181	8.02e-103	289
1_268	0_175	35.714	126	61	2	10	115	49	174	1.10e-13	61.2
1_268	0_175	60.000	30	12	0	6	35	116	145	2.56e-06	40.4
1_268	0_148	24.540	163	103	5	4	161	432	579	4.57e-08	46.6
1_268	0_148	20.000	190	111	5	5	179	376	539	1.92e-05	38.9
1_268	0_148	26.891	119	64	5	10	116	521	628	8.51e-05	37.0
1_268	0_67	25.000	176	77	5	2	177	126	246	1.95e-07	44.7
1_268	0_334	24.419	172	110	5	10	176	307	463	3.94e-07	43.9
1_268	0_334	31.250	112	69	5	4	109	386	495	1.16e-06	42.4
1_268	0_334	28.926	121	73	3	57	174	182	292	3.17e-06	41.2
1_268	0_334	23.333	180	113	6	10	180	247	410	5.13e-06	40.4
1_268	0_281	29.412	119	70	2	58	176	125	229	1.38e-05	39.3
1_268	0_281	22.159	176	116	5	10	179	15	175	7.13e-05	37.0
1_269	0_165	97.393	537	14	0	1	537	1	537	0.0	1063
1_270	0_115	91.628	430	28	5	1	427	1	425	0.0	629
1_270	0_301	92.920	113	7	1	315	427	8	119	5.02e-73	219
1_272	0_148	95.105	858	36	2	1	858	1	852	0.0	1649
1_272	0_334	31.988	347	215	7	322	655	152	490	1.29e-51	186
1_272	0_334	28.871	381	221	8	281	644	171	518	2.53e-46	171
1_272	0_334	24.786	117	61	1	543	659	144	233	4.61e-04	37.7
1_272	0_281	32.180	289	185	4	377	655	6	293	1.54e-47	169
1_272	0_281	32.283	254	170	2	402	654	3	255	6.42e-40	147
1_272	0_281	28.912	294	195	6	322	605	10	299	9.34e-36	135
1_272	0_281	34.031	191	121	5	458	645	2	190	1.13e-30	120
1_272	0_281	28.111	217	140	6	282	488	86	296	3.45e-14	69.7
1_272	0_281	30.357	56	39	0	600	655	2	57	1.43e-05	42.4
1_272	0_67	36.726	226	121	5	383	606	130	335	3.66e-41	151
1_272	0_67	34.177	237	124	5	401	630	120	331	1.14e-39	147
1_272	0_67	31.579	228	142	3	347	562	123	348	4.17e-33	127
1_272	0_67	34.483	174	99	3	494	654	128	299	3.11e-28	113
1_272	0_67	27.638	199	136	5	288	486	166	356	2.41e-17	79.7
1_272	0_67	25.197	127	65	3	282	382	216	338	2.56e-05	41.6
1_272	0_168	24.339	378	211	12	323	630	183	555	2.70e-24	103
1_272	0_168	25.857	321	197	11	350	642	157	464	2.63e-15	74.7
1_272	0_168	23.784	370	227	17	295	630	370	718	7.44e-12	63.5
1_272	0_316	21.488	242	165	7	323	547	681	914	1.94e-06	45.8
1_272	0_175	25.620	121	70	5	468	585	46	149	3.11e-04	37.0
1_273	0_192	52.027	148	62	4	10	150	51	196	9.34e-38	125
1_273	0_253	35.000	80	46	3	11	86	61	138	2.19e-08	45.8
1_274	0_384	97.568	370	9	0	1	370	1	370	0.0	742
1_275	0_243	80.208	192	38	0	1	192	159	350	1.77e-119	337
1_275	0_213	27.647	170	107	5	12	174	417	577	8.81e-10	51.6
1_275	0_344	35.000	80	48	2	3	81	150	226	5.00e-08	45.8
1_276	0_78	97.256	583	13	3	64	645	65	645	0.0	1104
1_277	0_366	90.578	467	44	0	1	467	1	467	0.0	846
1_277	0_239	40.094	424	245	3	30	444	83	506	1.94e-108	326
1_278	0_289	95.833	288	12	0	1	288	114	401	0.0	592
1_278	0_5	37.282	287	139	4	3	285	122	371	2.78e-58	186
1_278	0_125	37.037	297	160	7	6	282	173	462	5.11e-51	169
1_278	0_191	34.783	207	92	2	3	209	22	185	2.49e-35	122
1_278	0_292	43.902	123	67	1	31	153	4	124	1.23e-29	104
1_278	0_347	31.293	147	81	4	141	285	4	132	3.53e-14	64.3
1_278	0_381	38.202	89	39	3	141	227	2	76	1.35e-12	58.9
1_278	0_269	21.739	276	188	7	1	267	95	351	4.82e-11	57.0
1_278	0_259	25.166	151	90	3	74	221	102	232	1.38e-05	40.0
1_279	0_146	94.409	930	33	2	1	930	1	911	0.0	1815
1_279	0_268	31.034	58	38	1	375	430	205	262	2.59e-04	38.5
1_280	0_247	75.758	198	47	1	1	197	1	198	5.38e-115	327
1_280	0_132	29.787	188	120	4	24	201	1	186	1.41e-24	93.6
1_280	0_57	28.916	166	104	5	19	171	1	165	7.19e-15	64.3
1_280	0_69	23.182	220	136	8	3	196	13	225	1.18e-12	59.3
1_280	0_324	21.005	219	134	7	17	202	239	451	1.00e-08	48.9
1_281	0_105	94.410	322	18	0	1	322	1	322	0.0	632
1_282	0_79	93.284	134	9	0	1	134	1	134	1.78e-90	253
1_283	0_128	99.102	334	3	0	1	334	1	334	0.0	688
1_283	0_96	52.632	38	17	1	47	84	41	77	1.77e-06	41.6
1_284	0_246	94.545	55	3	0	1	55	1	55	7.27e-34	105
1_285	0_69	54.054	222	93	8	56	273	1	217	2.89e-78	231
1_285	0_324	37.102	283	162	6	2	274	162	438	2.42e-58	189
1_285	0_159	35.965	114	70	2	133	245	13	124	1.65e-22	86.7
1_285	0_247	24.645	211	130	5	69	274	4	190	2.93e-17	75.1
1_285	0_132	29.078	141	83	5	89	215	1	138	3.86e-12	60.1
1_285	0_283	29.245	106	69	2	20	119	153	258	1.98e-11	57.4
1_286	0_97	93.701	127	6	2	328	453	1	126	1.39e-79	238
1_287	0_129	99.456	551	3	0	1	551	1	551	0.0	1115
1_288	0_30	94.820	444	22	1	1	444	1	443	0.0	866
1_288	0_100	31.519	441	262	6	135	573	62	464	1.81e-61	206
1_289	0_160	89.710	379	37	1	6	382	1	379	0.0	700
1_290	0_256	100.000	263	0	0	1	263	1	263	0.0	556
1_290	0_368	25.980	204	135	4	72	263	34	233	4.07e-12	62.0
1_291	0_158	97.996	449	9	0	114	562	15	463	0.0	894
1_291	0_330	43.716	183	93	3	378	556	189	365	3.61e-37	136
1_291	0_72	34.444	90	49	3	378	463	68	151	1.77e-09	51.2
1_292	0_269	83.784	185	27	1	10	194	1	182	1.12e-112	320
1_292	0_204	42.697	178	97	3	18	194	15	188	2.55e-40	135
1_292	0_121	35.928	167	99	6	32	194	26	188	7.91e-23	85.9
1_292	0_125	36.250	80	50	1	111	190	170	248	2.09e-09	50.8
1_292	0_191	35.802	81	51	1	110	190	21	100	9.41e-08	45.4
1_292	0_5	27.439	164	112	6	43	202	52	212	2.33e-07	44.7
1_292	0_259	33.750	80	51	2	20	98	14	92	3.40e-07	43.9
1_292	0_289	26.250	160	105	9	43	195	46	199	1.86e-04	35.8
1_293	0_101	78.590	383	71	4	12	385	23	403	0.0	601
1_294	0_218	96.748	246	8	0	2	247	19	264	2.26e-180	490
1_295	0_243	83.577	274	45	0	1	274	1	274	3.59e-176	484
1_295	0_344	31.308	214	130	7	31	239	25	226	2.42e-17	73.9
1_295	0_213	25.200	250	151	8	20	245	252	489	3.54e-14	66.6
1_295	0_328	25.000	128	96	0	118	245	547	674	4.84e-10	54.3
1_295	0_328	26.357	129	83	4	135	259	214	334	2.90e-08	48.9
1_295	0_75	28.421	95	61	2	135	226	989	1079	1.98e-06	43.1
1_295	0_208	24.138	203	133	8	27	226	188	372	1.99e-05	39.7
1_296	0_204	74.359	234	60	0	1619	1852	3	236	5.46e-121	380
1_296	0_269	42.132	197	110	1	1655	1847	33	229	2.87e-51	180
1_296	0_179	29.762	336	207	8	275	593	14	337	2.38e-32	125
1_296	0_259	45.679	81	40	2	1780	1860	89	165	1.90e-16	75.9
1_296	0_259	47.222	72	38	0	1640	1711	24	95	5.15e-15	71.6
1_296	0_125	28.729	181	127	2	1660	1839	108	287	3.97e-16	77.4
1_296	0_121	30.464	151	98	5	1659	1805	42	189	1.41e-15	71.6
1_296	0_5	32.500	160	104	4	1656	1813	56	213	3.82e-15	73.6
1_296	0_289	22.995	187	140	4	1656	1840	50	234	7.93e-09	53.9
1_296	0_191	26.984	126	91	1	1703	1828	4	128	2.29e-07	48.5
1_296	0_292	29.032	93	64	2	1746	1838	1	91	7.87e-07	44.7
1_296	0_28	23.741	139	94	5	701	836	22	151	3.78e-05	41.2
1_297	0_299	37.975	79	49	0	25	103	210	288	5.58e-14	60.8
1_297	0_299	33.333	69	45	1	27	95	104	171	1.98e-10	50.4
1_298	0_195	77.551	98	20	1	1	96	1	98	7.46e-47	148
1_299	0_252	82.347	1014	119	3	34	1047	1	954	0.0	1607
1_300	0_202	92.717	1222	76	9	1	1216	1	1215	0.0	2026
1_300	0_27	45.312	256	133	5	959	1212	350	600	5.10e-64	224
1_300	0_131	37.979	287	149	11	945	1214	27	301	2.60e-45	160
1_300	0_149	32.889	225	137	9	1000	1213	145	366	1.98e-25	104
1_301	0_272	73.018	782	174	8	1	751	1	776	0.0	1091
1_302	0_330	79.787	188	38	0	16	203	126	313	4.90e-106	305
1_302	0_72	71.523	151	33	1	16	166	15	155	4.48e-73	214
1_302	0_158	38.636	132	71	3	79	204	279	406	1.97e-21	86.3
1_303	0_174	89.157	166	18	0	1	166	17	182	3.67e-108	301
1_304	0_336	96.360	522	19	0	1	522	1	522	0.0	1041
1_305	0_294	96.850	2857	90	0	853	3709	597	3453	0.0	5786
1_305	0_294	92.627	217	16	0	636	852	1	217	7.12e-119	419
1_305	0_112	94.925	2857	145	0	853	3709	1402	4258	0.0	5628
1_305	0_112	74.350	885	137	6	1	852	195	1022	0.0	1245
1_305	0_358	34.304	1443	893	17	988	2385	7	1439	0.0	853
1_305	0_135	41.577	647	363	4	854	1491	289	929	2.35e-166	536
1_306	0_283	99.228	259	2	0	1	259	1	259	0.0	536
1_306	0_324	28.669	293	184	11	1	281	27	306	4.25e-19	81.6
1_306	0_69	30.851	94	58	2	190	281	1	89	2.75e-09	50.8
1_306	0_250	39.241	79	43	4	1	76	1	77	6.00e-08	45.1
1_306	0_132	36.538	52	31	1	228	277	1	52	6.76e-06	41.2
1_306	0_57	32.759	58	36	1	223	277	1	58	4.27e-05	37.7
1_307	0_361	94.186	258	15	0	1	258	1	258	1.34e-177	494
1_308	0_112	87.851	3062	282	6	348	3376	1	3005	0.0	5471
1_308	0_294	96.409	2200	79	0	1177	3376	1	2200	0.0	4426
1_308	0_358	34.298	1452	881	19	1908	3305	7	1439	0.0	851
1_308	0_135	38.869	849	502	6	1573	2411	88	929	0.0	625
1_309	0_58	96.447	394	12	2	1	392	1	394	0.0	786
1_310	0_83	74.074	135	33	1	277	409	146	280	2.22e-69	219
1_310	0_83	69.318	88	24	2	1	85	1	88	3.14e-31	117
1_311	0_154	85.098	255	38	0	1	255	159	413	1.56e-166	462
1_311	0_326	35.510	245	126	6	1	237	175	395	7.10e-43	145
1_311	0_68	35.526	228	124	4	4	225	153	363	2.51e-37	130
1_311	0_23	30.544	239	136	4	13	241	167	385	2.00e-25	98.2
1_312	0_225	98.250	4913	84	2	1	4912	1	4912	0.0	10044
1_313	0_304	75.224	335	77	4	1	335	1	329	2.29e-176	493
1_314	0_237	96.642	1638	54	1	95	1731	94	1731	0.0	3252
1_315	0_335	77.122	271	56	1	1026	1296	169	433	3.49e-147	447
1_315	0_171	26.523	558	355	14	361	913	185	692	2.25e-48	181
1_315	0_214	24.283	523	331	15	431	931	17	496	1.88e-27	113
1_315	0_107	22.069	435	228	10	361	791	86	413	8.84e-24	101
1_315	0_236	28.522	291	178	11	709	993	25	291	9.04e-19	85.1
1_315	0_100	21.721	244	152	6	531	735	77	320	4.83e-11	60.8
1_315	0_30	24.088	137	101	3	531	664	150	286	7.18e-05	40.8
1_316	0_186	91.382	557	47	1	1	557	1	556	0.0	1006
1_316	0_342	22.704	392	219	14	193	544	132	479	1.30e-05	42.0
1_317	0_350	80.208	192	38	0	223	414	18	209	5.47e-106	308
1_318	0_14	96.296	351	13	0	1	351	1	351	0.0	692
1_320	0_318	98.343	543	9	0	1	543	1	543	0.0	1073
1_321	0_120	62.353	85	32	0	929	1013	31	115	3.02e-33	122
1_322	0_265	98.733	868	11	0	1	868	1	868	0.0	1795
1_323	0_82	96.715	487	15	1	1	486	1	487	0.0	975
1_324	0_253	46.774	186	80	5	1	182	61	231	1.90e-44	145
1_324	0_192	35.135	185	116	3	1	182	52	235	2.25e-26	99.0
1_325	0_302	96.563	611	21	0	11	621	176	786	0.0	1219
1_326	0_4	90.625	416	39	0	1	416	1	416	0.0	795
1_327	0_232	96.273	161	6	0	1	161	1	161	1.98e-105	293
1_328	0_383	77.059	850	73	8	1	849	1	729	0.0	1222
1_329	0_357	85.689	2830	347	17	1	2815	1	2787	0.0	4490
1_330	0_143	96.997	666	8	2	1	663	1	657	0.0	1322
1_330	0_282	51.208	207	75	3	171	374	84	267	1.21e-63	214
1_331	0_324	55.674	282	107	2	1	265	27	307	6.10e-117	340
1_331	0_283	23.247	271	166	9	1	241	1	259	3.73e-14	65.1
1_331	0_69	38.298	94	53	2	172	265	2	90	1.92e-13	62.8
1_331	0_250	24.138	116	82	3	1	114	1	112	1.90e-05	37.7
1_332	0_213	99.454	366	2	0	108	473	228	593	0.0	771
1_332	0_344	26.271	236	137	6	133	359	15	222	1.52e-20	85.1
1_332	0_243	26.377	345	203	15	132	457	20	332	9.01e-19	82.0
1_332	0_328	24.373	279	173	9	119	384	81	334	8.50e-15	71.2
1_332	0_328	24.706	340	177	13	132	459	459	731	7.24e-12	62.0
1_332	0_208	21.127	213	139	5	138	349	187	371	4.02e-05	40.0
1_333	0_153	99.565	230	1	0	1	230	1	230	4.06e-173	470
1_335	0_284	95.717	467	20	0	1	467	1	467	0.0	928
1_336	0_335	75.277	271	60	2	52	321	169	433	2.14e-152	429
1_337	0_171	43.980	407	214	3	1123	1527	205	599	1.55e-98	334
1_337	0_107	37.179	312	133	4	1190	1501	155	403	3.93e-53	191
1_337	0_28	41.139	158	52	2	112	228	21	178	1.01e-32	122
1_337	0_214	27.250	400	250	13	1136	1528	3	368	4.55e-23	101
1_337	0_100	21.911	429	271	16	1263	1681	89	463	2.13e-10	60.1
1_337	0_179	26.606	218	119	8	1364	1571	2	188	1.13e-04	41.6
1_337	0_236	27.485	171	103	6	1439	1602	27	183	4.76e-04	39.7
1_338	0_368	98.473	262	4	0	1	262	1	262	0.0	538
1_338	0_256	24.645	211	146	4	34	242	72	271	1.60e-14	66.2
1_339	0_314	97.391	115	3	0	1	115	1	115	3.92e-82	231
1_340	0_251	67.143	140	38	3	1	133	1	139	2.40e-43	150
1_341	0_205	92.806	556	40	0	1	556	1	556	0.0	1039
1_342	0_59	69.735	717	185	9	1	696	20	725	0.0	922
1_343	0_261	42.679	321	161	7	141	444	371	685	9.48e-71	232
1_344	0_351	95.270	148	7	0	2	149	31	178	2.00e-105	293
1_345	0_223	94.301	544	31	0	1	544	1	544	0.0	1028
1_346	0_0	98.795	249	3	0	1	249	1	249	0.0	511
1_347	0_260	72.321	112	10	2	1	92	103	213	2.19e-37	124
1_347	0_260	89.362	47	5	0	96	142	275	321	1.38e-23	88.2
1_348	0_90	95.872	436	17	1	1	435	1	436	0.0	879
1_349	0_32	82.129	263	47	0	69	331	1	263	1.15e-160	446
1_350	0_116	61.345	476	181	2	56	531	159	631	0.0	634
1_350	0_116	66.000	50	17	0	535	584	776	825	1.28e-17	82.0
1_350	0_50	27.273	143	89	3	549	685	350	483	9.32e-06	43.1
1_351	0_91	95.235	1553	49	2	1	1553	1	1528	0.0	3055
1_352	0_204	74.648	355	87	2	5	357	3	356	0.0	564
1_352	0_269	40.777	309	178	2	13	318	2	308	2.03e-84	254
1_352	0_259	49.123	171	82	3	166	335	89	255	1.43e-50	164
1_352	0_259	47.222	72	38	0	26	97	24	95	1.89e-15	70.1
1_352	0_5	29.787	282	164	10	42	315	56	311	5.10e-24	96.3
1_352	0_125	24.422	303	209	5	46	333	108	405	7.52e-23	93.6
1_352	0_121	30.464	151	98	5	45	191	42	189	1.41e-16	72.0
1_352	0_289	20.882	340	236	11	42	355	50	382	1.87e-11	58.9
1_352	0_191	26.357	129	94	1	86	214	1	128	1.25e-08	49.7
1_352	0_292	28.736	87	61	1	132	218	1	86	1.23e-07	44.7
1_353	0_7	85.915	568	78	2	1	566	1	568	0.0	1025
1_354	0_299	35.484	62	39	1	27	88	104	164	1.88e-09	47.4
1_354	0_299	31.868	91	59	1	3	90	185	275	3.44e-09	46.6
1_355	0_17	83.627	397	61	2	206	598	1	397	0.0	664
1_356	0_171	84.512	594	66	4	1	575	1	587	0.0	1019
1_356	0_107	68.860	456	48	9	122	575	50	413	0.0	597
1_356	0_107	60.377	53	20	1	1	53	1	52	1.39e-12	64.3
1_356	0_214	25.237	317	191	10	255	538	17	320	5.85e-19	84.7
1_357	0_171	42.747	517	284	3	885	1399	247	753	2.90e-124	402
1_357	0_171	27.907	129	77	5	782	895	31	158	3.68e-04	38.9
1_357	0_295	48.397	312	147	8	1	306	2	305	9.77e-86	277
1_357	0_107	36.792	318	140	4	912	1229	155	411	1.10e-55	197
1_357	0_214	27.410	332	226	8	912	1239	39	359	6.02e-22	96.3
1_357	0_100	26.619	139	97	4	983	1118	86	222	2.76e-06	45.8
1_357	0_300	23.164	177	124	3	1155	1331	2	166	5.61e-04	37.7
1_357	0_293	29.213	89	51	3	3	90	11	88	7.67e-04	35.4
1_358	0_373	93.923	362	21	1	1	362	1	361	0.0	715
1_358	0_169	82.178	303	54	0	33	335	24	326	0.0	535
1_358	0_236	64.103	39	13	1	308	345	396	434	2.28e-08	49.7
1_359	0_172	82.547	212	37	0	32	243	18	229	1.06e-134	373
1_360	0_132	87.975	316	30	3	230	541	1	312	0.0	560
1_360	0_247	30.932	236	141	7	210	439	4	223	1.45e-29	115
1_360	0_69	31.429	140	92	2	194	333	1	136	6.86e-23	92.4
1_360	0_57	31.361	169	101	5	227	385	3	166	7.72e-18	76.3
1_360	0_324	22.905	358	239	13	23	367	43	376	9.33e-17	77.8
1_360	0_283	26.820	261	156	13	20	262	15	258	1.42e-14	68.6
1_360	0_189	27.344	128	82	4	115	237	36	157	1.78e-07	45.8
1_360	0_159	25.439	114	73	2	271	384	9	110	1.64e-05	40.4
1_361	0_3	96.825	630	20	0	1	630	1	630	0.0	1290
1_362	0_279	89.041	584	61	2	1	583	1	582	0.0	1061
1_363	0_64	91.772	316	26	0	1	316	1	316	0.0	616
1_364	0_125	94.831	445	22	1	33	477	23	466	0.0	882
1_364	0_289	37.250	400	224	7	80	473	17	395	1.14e-77	243
1_364	0_5	36.409	401	204	8	75	473	17	368	2.00e-73	231
1_364	0_381	55.901	161	56	3	316	475	2	148	1.93e-55	177
1_364	0_191	33.968	315	121	6	162	475	4	232	2.93e-51	169
1_364	0_292	54.264	129	59	0	205	333	1	129	2.36e-48	157
1_364	0_347	38.037	163	65	4	314	474	2	130	2.83e-31	114
1_364	0_204	26.408	284	192	6	116	398	42	309	2.84e-23	95.5
1_364	0_269	24.275	276	187	6	130	401	47	304	2.19e-19	84.0
1_364	0_121	29.464	112	75	3	156	263	78	189	8.98e-07	43.9
1_364	0_259	24.848	165	104	5	237	397	84	232	6.91e-06	42.0
1_365	0_30	85.978	271	13	1	1	246	1	271	1.10e-166	464
1_365	0_100	37.879	132	78	2	118	246	67	197	1.98e-18	79.0
1_366	0_49	64.417	163	27	1	1	132	1	163	2.01e-70	204
1_367	0_263	92.284	324	25	0	1	324	1	324	0.0	620
1_368	0_10	90.746	335	19	3	1	334	1	324	2.44e-135	382
1_369	0_149	85.175	371	51	3	57	426	1	368	0.0	633
1_369	0_27	29.412	221	145	6	206	424	390	601	3.74e-32	123
1_369	0_202	32.432	222	136	9	206	424	1002	1212	6.54e-24	99.4
1_369	0_131	30.870	230	128	10	202	420	87	296	2.45e-19	82.8
1_370	0_308	94.671	319	17	0	1	319	1	319	0.0	605
1_371	0_371	99.751	401	1	0	1	401	1	401	0.0	827
1_371	0_140	33.729	421	244	6	8	394	165	584	4.22e-66	217
1_372	0_150	86.667	90	12	0	42	131	25	114	3.10e-51	161
1_373	0_130	92.708	192	13	1	61	252	1	191	2.70e-130	361
1_374	0_269	89.014	355	36	1	1	355	1	352	0.0	642
1_374	0_204	43.333	300	163	5	9	305	15	310	5.87e-79	241
1_374	0_259	46.000	150	72	2	161	305	89	234	2.17e-37	130
1_374	0_121	34.524	168	102	6	23	186	26	189	3.52e-21	84.7
1_374	0_125	28.302	265	169	8	67	313	135	396	1.15e-20	87.4
1_374	0_5	26.866	268	171	9	42	304	60	307	8.43e-18	78.2
1_374	0_289	23.077	351	229	13	34	352	46	387	1.05e-13	65.9
1_374	0_191	25.131	191	117	3	101	291	21	185	1.57e-11	58.2
1_374	0_381	25.225	111	67	3	231	339	9	105	2.34e-04	35.8
1_375	0_95	86.564	454	61	0	1	454	1	454	0.0	778
1_376	0_74	98.456	259	4	0	1	259	1	259	0.0	538
1_376	0_111	97.778	225	5	0	35	259	1	225	4.94e-169	461
1_377	0_164	99.543	438	2	0	1	438	1	438	0.0	909
1_377	0_1	99.315	438	3	0	1	438	1	438	0.0	909
1_378	0_305	99.573	468	2	0	1	468	1	468	0.0	947
1_379	0_127	87.079	178	23	0	1	178	7	184	9.25e-116	321
1_380	0_178	97.742	310	7	0	1	310	1	310	0.0	627
1_381	0_273	98.137	644	12	0	1	644	1	644	0.0	1330
1_382	0_103	89.524	420	44	0	381	800	1	420	0.0	802
1_383	0_193	83.333	138	23	0	1	138	1	138	2.89e-87	246
1_384	0_322	47.706	218	85	4	140	333	20	232	1.94e-60	195
1_385	0_196	96.195	1314	50	0	23	1336	68	1381	0.0	2643
1_385	0_53	24.265	272	159	6	243	476	23	285	3.88e-16	76.3
1_385	0_53	33.696	92	51	4	546	635	284	367	6.03e-06	44.3
1_386	0_227	99.569	232	1	0	1	232	1	232	1.17e-176	479
1_387	0_171	78.390	472	30	4	1	401	1	471	0.0	735
1_387	0_107	63.524	403	64	9	1	401	1	322	3.00e-165	468
1_387	0_214	26.201	229	132	8	197	401	17	232	2.21e-13	65.9
1_387	0_288	31.818	66	36	2	133	189	31	96	7.19e-04	34.3
1_388	0_324	33.333	381	234	8	1	368	27	400	2.06e-64	209
1_388	0_69	49.398	166	79	4	185	348	1	163	8.48e-50	163
1_388	0_283	25.564	266	172	11	1	248	1	258	4.82e-17	75.1
1_388	0_159	37.963	108	60	3	261	365	12	115	1.28e-15	68.9
1_388	0_247	24.409	127	92	2	198	320	4	130	3.55e-11	58.5
1_388	0_132	27.083	144	82	6	218	344	1	138	7.19e-11	57.4
1_389	0_306	95.782	569	21	2	1	569	1	566	0.0	1107
1_390	0_184	94.502	1346	73	1	1	1346	1	1345	0.0	2571
1_391	0_24	59.846	259	80	3	1	251	5	247	3.53e-105	301
1_392	0_230	97.250	509	14	0	1	509	1	509	0.0	1009
1_393	0_298	87.524	529	39	2	1	526	1	505	0.0	876
1_394	0_320	100.000	115	0	0	1	115	1	115	9.48e-83	238
1_395	0_228	96.684	392	13	0	1	392	1	392	0.0	791
1_396	0_122	87.702	309	38	0	1	309	14	322	6.43e-172	474
1_397	0_94	78.205	234	5	2	1	216	8	213	2.25e-126	366
1_398	0_33	94.926	808	38	3	1	807	1	806	0.0	1523
1_399	0_264	92.551	537	35	4	1	534	1	535	0.0	636
1_400	0_180	44.131	213	112	5	481	689	1049	1258	6.05e-48	177
1_400	0_180	56.349	126	51	2	9	132	3	126	2.04e-44	166
1_401	0_312	95.968	248	7	2	1	245	1	248	0.0	494
1_402	0_65	89.252	856	57	4	1	822	1	855	0.0	1493
1_403	0_322	57.738	336	131	5	1	329	1	332	2.11e-137	388
1_404	0_324	59.138	487	194	3	3	484	27	513	0.0	619
1_404	0_69	40.506	237	129	6	189	421	1	229	1.85e-52	172
1_404	0_159	40.268	149	87	1	272	418	13	161	1.54e-34	122
1_404	0_283	24.542	273	176	11	3	259	1	259	2.44e-14	67.4
1_404	0_247	20.444	225	145	6	201	419	3	199	1.21e-09	54.3
1_404	0_132	23.622	127	92	2	222	348	1	122	4.09e-08	49.3
1_404	0_57	22.293	157	100	6	218	359	2	151	7.92e-05	37.7
1_405	0_162	96.078	102	4	0	1	102	1	102	1.20e-66	204
1_406	0_34	97.642	424	10	0	1	424	1	424	0.0	840
1_407	0_240	96.937	457	14	0	117	573	1	457	0.0	936
1_408	0_382	100.000	127	0	0	1	127	1	127	1.14e-93	261
1_409	0_133	60.584	137	51	3	58	192	17	152	1.84e-49	155
1_410	0_353	97.338	263	7	0	1	263	1	263	0.0	531
1_411	0_244	91.499	647	44	2	1	636	1	647	0.0	1173
1_412	0_216	77.778	288	63	1	1	288	1	287	1.51e-154	428
1_412	0_47	51.765	85	35	2	193	271	203	287	4.24e-29	107
1_413	0_319	93.780	209	13	0	1	209	92	300	2.51e-147	407
1_414	0_141	96.154	234	9	0	1	234	1	234	1.23e-172	472
1_415	0_12	97.209	430	12	0	1	430	1	430	0.0	867
1_416	0_268	95.267	486	20	1	26	511	1	483	0.0	971
1_416	0_146	31.034	58	38	1	230	287	356	411	3.16e-04	37.7
1_417	0_337	80.402	199	32	2	229	427	1	192	1.50e-109	315
1_418	0_42	87.135	171	22	0	1	171	104	274	6.12e-115	322
1_419	0_38	94.989	938	47	0	2	939	1	938	0.0	1860
1_420	0_45	95.129	657	32	0	1	657	1	657	0.0	1290
1_421	0_340	87.082	658	84	1	1	658	1	657	0.0	1168
1_422	0_210	98.195	554	9	1	49	601	48	601	0.0	758
1_422	0_331	48.000	50	26	0	246	295	293	342	3.70e-11	59.7
1_423	0_136	75.658	152	37	0	1	152	1	152	7.11e-74	213
1_424	0_311	99.189	493	4	0	29	521	59	551	0.0	1016
1_424	0_75	25.767	163	101	7	179	327	565	721	8.51e-06	42.7
1_424	0_75	25.253	198	132	8	181	363	255	451	9.34e-05	39.3
1_424	0_75	28.226	124	77	6	106	217	582	705	1.07e-04	39.3
1_425	0_75	91.322	1256	107	2	35	1290	2	1255	0.0	2360
1_425	0_208	43.478	161	84	3	1017	1177	281	434	4.36e-38	143
1_425	0_208	29.907	107	62	5	826	932	176	269	1.71e-05	42.7
1_425	0_328	22.816	206	131	7	1031	1221	571	763	1.89e-08	52.8
1_425	0_328	20.670	179	130	5	1017	1195	207	373	1.55e-07	50.1
1_425	0_344	24.427	131	80	5	1003	1126	106	224	1.33e-06	45.4
1_425	0_311	25.503	149	92	6	599	742	209	343	8.44e-04	37.7
1_426	0_270	97.350	566	15	0	1	566	6	571	0.0	1154
1_427	0_364	96.186	472	12	3	1	469	1	469	0.0	923
1_428	0_388	90.034	592	47	3	21	610	1	582	0.0	1049
1_428	0_390	89.406	387	37	1	224	606	1	387	0.0	722
1_428	0_393	28.179	291	154	10	235	482	15	293	7.17e-32	122
1_429	0_393	87.529	433	50	3	1	430	1	432	0.0	708
1_429	0_388	28.053	303	166	10	1	294	196	455	1.92e-31	120
1_429	0_390	27.687	307	166	10	1	294	1	264	6.55e-31	117
1_430	0_387	97.300	1185	21	3	1	1174	1	1185	0.0	2365
1_430	0_389	94.066	1028	11	3	1	1025	1	981	0.0	1995
1_430	0_391	93.359	1024	62	2	1	1021	1	1021	0.0	1982
1_430	0_394	85.789	1154	156	3	1	1150	1	1150	0.0	1939
1_430	0_392	84.644	1094	163	2	1	1089	1	1094	0.0	1822
1_431	0_387	92.534	1018	75	1	7	1023	1	1018	0.0	1968
1_431	0_391	88.802	1018	110	2	7	1023	1	1015	0.0	1843
1_431	0_389	88.016	1018	74	3	7	1023	1	971	0.0	1838
1_431	0_394	85.868	1019	142	2	7	1023	1	1019	0.0	1801
1_431	0_392	80.980	1020	191	2	7	1023	1	1020	0.0	1702
1_432	0_388	87.457	582	71	2	1	580	1	582	0.0	1006
1_432	0_390	87.080	387	46	1	194	576	1	387	0.0	699
1_432	0_393	26.096	456	240	19	182	566	2	431	2.00e-31	121
