0_0	0_0	100.000	249	0	0	1	249	1	249	0.0	514
0_1	0_1	100.000	438	0	0	1	438	1	438	0.0	911
0_1	0_164	99.772	438	1	0	1	438	1	438	0.0	910
0_2	0_2	100.000	589	0	0	1	589	1	589	0.0	1229
0_3	0_3	100.000	630	0	0	1	630	1	630	0.0	1320
0_4	0_4	100.000	416	0	0	1	416	1	416	0.0	867
0_5	0_5	100.000	373	0	0	1	373	1	373	0.0	780
0_5	0_289	38.480	408	204	8	1	371	1	398	7.05e-87	263
0_5	0_125	37.500	400	200	8	17	368	65	462	4.06e-78	243
0_5	0_191	36.981	265	129	4	105	369	5	231	3.08e-48	158
0_5	0_204	31.317	281	159	9	56	310	40	312	8.13e-26	101
0_5	0_292	35.156	128	51	1	148	243	2	129	2.00e-21	84.0
0_5	0_381	35.185	162	75	5	226	371	2	149	3.98e-20	80.9
0_5	0_269	26.103	272	175	8	57	307	35	301	7.74e-18	78.2
0_5	0_347	35.135	148	77	4	225	371	3	132	1.21e-17	75.1
0_5	0_259	29.834	181	87	8	179	325	84	258	1.18e-10	55.8
0_5	0_259	30.392	102	61	3	38	139	25	116	3.91e-04	35.8
0_5	0_121	28.049	164	97	5	52	205	37	189	1.46e-06	42.7
0_6	0_6	100.000	168	0	0	1	168	1	168	6.28e-124	340
0_7	0_7	100.000	577	0	0	1	577	1	577	0.0	1201
0_8	0_8	100.000	354	0	0	1	354	1	354	0.0	735
0_9	0_9	100.000	211	0	0	1	211	1	211	5.12e-156	425
0_10	0_10	100.000	324	0	0	1	324	1	324	0.0	643
0_11	0_11	100.000	123	0	0	1	123	1	123	1.88e-91	254
0_11	0_55	47.692	130	60	2	1	123	1	129	2.87e-33	108
0_11	0_43	47.328	131	60	3	1	123	1	130	7.10e-31	102
0_11	0_142	48.092	131	59	3	1	123	1	130	1.18e-29	99.0
0_11	0_309	47.287	129	60	2	1	122	1	128	8.18e-27	91.7
0_11	0_98	39.450	109	56	3	1	102	1	106	7.37e-25	86.7
0_11	0_197	42.202	109	55	3	1	102	1	108	8.93e-22	79.3
0_11	0_271	37.795	127	65	5	1	119	1	121	2.55e-20	75.1
0_11	0_329	37.008	127	66	5	1	119	1	121	8.91e-20	73.6
0_11	0_291	36.697	109	59	4	1	102	1	106	1.16e-18	70.9
0_11	0_35	34.091	132	76	4	1	122	1	131	2.17e-17	67.8
0_11	0_21	32.576	132	78	4	1	122	1	131	7.22e-17	66.2
0_11	0_37	32.576	132	75	5	1	119	1	131	1.84e-16	65.9
0_11	0_77	33.884	121	61	4	8	121	1	109	9.94e-16	63.2
0_11	0_376	33.846	130	55	3	1	123	1	106	1.06e-15	62.8
0_12	0_12	100.000	430	0	0	1	430	1	430	0.0	893
0_13	0_13	100.000	1068	0	0	1	1068	1	1068	0.0	2210
0_14	0_14	100.000	351	0	0	1	351	1	351	0.0	714
0_15	0_15	100.000	377	0	0	1	377	1	377	0.0	776
0_15	0_341	39.716	282	68	7	1	180	1	282	1.85e-50	166
0_15	0_62	38.828	273	117	11	1	234	1	262	4.28e-42	144
0_16	0_16	100.000	642	0	0	1	642	1	642	0.0	1335
0_17	0_17	100.000	405	0	0	1	405	1	405	0.0	829
0_18	0_18	100.000	285	0	0	1	285	1	285	0.0	584
0_18	0_100	28.767	73	52	0	179	251	162	234	4.75e-07	45.1
0_19	0_19	100.000	355	0	0	1	355	1	355	0.0	737
0_19	0_80	44.776	67	37	0	133	199	70	136	1.90e-13	63.9
0_20	0_20	100.000	701	0	0	1	701	1	701	0.0	1442
0_21	0_21	100.000	132	0	0	1	132	1	132	6.91e-98	272
0_21	0_35	80.303	132	26	0	1	132	1	132	1.94e-80	228
0_21	0_37	77.236	123	28	0	1	123	1	123	1.14e-71	206
0_21	0_291	58.015	131	50	2	1	131	1	126	5.34e-46	140
0_21	0_376	51.145	131	38	3	1	131	1	105	7.24e-40	124
0_21	0_43	51.128	133	59	4	1	131	1	129	4.27e-36	115
0_21	0_142	51.880	133	58	4	1	131	1	129	1.28e-35	114
0_21	0_55	41.353	133	71	5	1	131	1	128	1.11e-26	91.7
0_21	0_329	44.545	110	52	5	1	109	1	102	5.81e-25	87.4
0_21	0_271	43.636	110	53	5	1	109	1	102	2.51e-24	85.5
0_21	0_98	37.500	136	75	6	1	132	1	130	8.47e-24	84.3
0_21	0_197	36.641	131	80	2	1	131	1	128	4.39e-23	83.2
0_21	0_11	32.576	132	78	4	1	131	1	122	7.75e-17	66.2
0_21	0_309	39.552	134	74	5	1	132	1	129	1.62e-16	65.5
0_21	0_77	33.607	122	65	5	10	130	3	109	3.03e-15	62.0
0_22	0_22	100.000	471	0	0	1	471	1	471	0.0	951
0_22	0_342	22.826	460	313	17	31	465	38	480	1.95e-17	79.0
0_22	0_151	27.397	146	96	4	324	465	2	141	9.43e-10	51.6
0_22	0_194	36.364	44	28	0	56	99	208	251	6.00e-04	36.6
0_23	0_23	100.000	392	0	0	1	392	1	392	0.0	811
0_23	0_326	31.624	351	216	9	23	369	48	378	5.33e-50	168
0_23	0_68	27.989	368	226	9	18	370	21	364	1.51e-40	143
0_23	0_154	29.499	339	221	6	58	385	68	399	1.74e-40	143
0_24	0_24	100.000	253	0	0	1	253	1	253	0.0	531
0_25	0_25	100.000	226	0	0	1	226	1	226	2.93e-171	465
0_26	0_26	100.000	109	0	0	1	109	1	109	3.66e-81	228
0_27	0_27	100.000	602	0	0	1	602	1	602	0.0	1239
0_27	0_202	45.312	256	133	5	350	600	958	1211	1.92e-64	224
0_27	0_131	36.626	243	138	8	360	597	65	296	3.80e-40	143
0_27	0_149	30.804	224	144	5	387	601	145	366	5.01e-34	127
0_28	0_28	100.000	216	0	0	1	216	1	216	2.26e-166	452
0_29	0_29	100.000	624	0	0	1	624	1	624	0.0	1296
0_30	0_30	100.000	451	0	0	1	451	1	451	0.0	934
0_30	0_100	33.876	307	195	3	135	439	62	362	2.15e-53	181
0_30	0_214	21.397	229	163	9	157	374	101	323	3.94e-04	37.0
0_31	0_31	100.000	875	0	0	1	875	1	875	0.0	1790
0_32	0_32	100.000	267	0	0	1	267	1	267	0.0	548
0_33	0_33	100.000	806	0	0	1	806	1	806	0.0	1667
0_34	0_34	100.000	424	0	0	1	424	1	424	0.0	861
0_35	0_35	100.000	132	0	0	1	132	1	132	1.67e-96	268
0_35	0_37	95.935	123	5	0	1	123	1	123	5.08e-86	243
0_35	0_21	80.303	132	26	0	1	132	1	132	1.94e-80	228
0_35	0_291	60.305	131	47	2	1	131	1	126	4.02e-48	145
0_35	0_376	50.382	131	39	2	1	131	1	105	4.17e-39	122
0_35	0_43	50.376	133	60	4	1	131	1	129	1.51e-35	114
0_35	0_142	49.624	133	61	4	1	131	1	129	3.13e-34	110
0_35	0_55	45.113	133	66	5	1	131	1	128	1.18e-28	96.7
0_35	0_329	45.455	110	51	5	1	109	1	102	1.82e-24	85.9
0_35	0_271	44.545	110	52	5	1	109	1	102	8.36e-24	84.3
0_35	0_98	38.971	136	73	6	1	132	1	130	3.11e-23	82.8
0_35	0_197	34.351	131	83	2	1	131	1	128	1.75e-22	81.6
0_35	0_309	41.045	134	72	5	1	132	1	129	4.41e-18	69.7
0_35	0_11	34.091	132	76	4	1	131	1	122	2.33e-17	67.8
0_35	0_77	38.235	102	54	4	8	108	1	94	1.08e-15	63.2
0_36	0_36	100.000	563	0	0	1	563	1	563	0.0	1172
0_37	0_37	100.000	161	0	0	1	161	1	161	1.71e-120	331
0_37	0_35	95.935	123	5	0	1	123	1	123	6.20e-86	243
0_37	0_21	77.236	123	28	0	1	123	1	123	1.39e-71	206
0_37	0_291	58.400	125	47	2	1	125	1	120	4.19e-43	134
0_37	0_376	48.800	125	38	2	1	125	1	99	3.08e-34	111
0_37	0_43	50.400	125	56	4	1	123	1	121	2.79e-31	104
0_37	0_142	49.600	125	57	4	1	123	1	121	3.14e-30	102
0_37	0_55	43.846	130	67	4	1	128	1	126	1.45e-27	95.1
0_37	0_329	43.750	112	54	5	1	111	1	104	3.70e-24	86.3
0_37	0_98	41.600	125	64	5	1	122	1	119	5.02e-24	85.9
0_37	0_271	42.857	112	55	5	1	111	1	104	1.41e-23	84.7
0_37	0_197	36.290	124	74	4	1	123	1	120	2.79e-20	76.6
0_37	0_309	40.164	122	67	4	1	120	1	118	2.01e-16	66.2
0_37	0_11	32.576	132	75	5	1	131	1	119	2.40e-16	65.9
0_37	0_77	38.462	104	55	4	8	110	1	96	1.97e-15	63.5
0_38	0_38	100.000	938	0	0	1	938	1	938	0.0	1936
0_39	0_39	100.000	354	0	0	1	354	1	354	0.0	738
0_40	0_40	100.000	1036	0	0	1	1036	1	1036	0.0	2149
0_41	0_41	100.000	196	0	0	1	196	1	196	1.24e-147	403
0_41	0_182	50.704	71	33	1	83	153	73	141	4.97e-15	65.1
0_41	0_73	49.180	61	29	1	90	150	75	133	1.03e-11	57.0
0_41	0_139	46.296	54	22	2	93	142	66	116	8.60e-08	45.4
0_42	0_42	100.000	274	0	0	1	274	1	274	0.0	558
0_42	0_104	33.333	90	53	1	14	103	21	103	5.52e-08	47.0
0_43	0_43	100.000	130	0	0	1	130	1	130	2.20e-96	268
0_43	0_142	90.000	130	13	0	1	130	1	130	1.21e-80	228
0_43	0_55	56.923	130	55	1	1	130	1	129	1.93e-52	157
0_43	0_376	56.154	130	33	3	1	130	1	106	3.19e-44	135
0_43	0_291	56.154	130	54	3	1	130	1	127	3.19e-44	136
0_43	0_98	51.145	131	60	3	1	129	1	129	1.81e-42	131
0_43	0_21	51.128	133	59	4	1	129	1	131	1.33e-41	129
0_43	0_35	50.376	133	60	4	1	129	1	131	1.34e-41	129
0_43	0_309	52.000	125	60	0	1	125	1	125	2.77e-40	126
0_43	0_271	50.794	126	56	3	1	125	1	121	2.37e-39	124
0_43	0_329	50.000	126	57	3	1	125	1	121	1.32e-38	122
0_43	0_11	47.328	131	60	3	1	130	1	123	7.82e-38	119
0_43	0_37	50.400	125	56	4	1	121	1	123	2.41e-37	119
0_43	0_197	45.385	130	68	3	1	129	1	128	9.99e-36	115
0_43	0_77	43.000	100	53	1	8	107	1	96	3.04e-25	87.8
0_44	0_44	100.000	122	0	0	1	122	1	122	1.57e-89	250
0_45	0_45	100.000	657	0	0	1	657	1	657	0.0	1363
0_46	0_46	100.000	169	0	0	1	169	1	169	7.65e-129	353
0_46	0_96	38.095	42	24	1	30	71	39	78	2.05e-05	37.0
0_47	0_47	100.000	294	0	0	1	294	1	294	0.0	614
0_47	0_216	65.517	58	19	1	229	286	213	269	1.27e-24	95.1
0_48	0_48	100.000	145	0	0	1	145	1	145	2.13e-103	286
0_49	0_49	100.000	185	0	0	1	185	1	185	1.57e-138	379
0_50	0_50	100.000	499	0	0	1	499	1	499	0.0	1006
0_50	0_116	35.385	130	76	3	259	385	701	825	4.33e-11	59.7
0_51	0_51	100.000	116	0	0	1	116	1	116	9.48e-87	242
0_52	0_52	100.000	536	0	0	1	536	1	536	0.0	1103
0_53	0_53	100.000	385	0	0	1	385	1	385	0.0	804
0_53	0_196	24.632	272	158	6	23	285	288	521	2.23e-17	78.6
0_53	0_196	34.043	94	48	5	284	367	591	680	3.94e-06	43.1
0_54	0_54	100.000	514	0	0	1	514	1	514	0.0	1061
0_54	0_76	32.495	477	290	11	21	485	28	484	2.36e-70	228
0_55	0_55	100.000	129	0	0	1	129	1	129	7.21e-96	266
0_55	0_309	70.312	128	38	0	1	128	1	128	2.92e-59	174
0_55	0_43	56.923	130	55	1	1	129	1	130	2.11e-46	141
0_55	0_142	56.923	130	55	1	1	129	1	130	5.52e-46	140
0_55	0_98	42.735	117	65	1	1	117	1	115	1.74e-34	111
0_55	0_11	47.692	130	60	2	1	129	1	123	3.01e-33	108
0_55	0_271	47.200	125	60	3	1	124	1	120	1.06e-32	107
0_55	0_376	47.692	130	43	4	1	129	1	106	3.02e-32	105
0_55	0_329	46.400	125	61	3	1	124	1	120	6.77e-32	104
0_55	0_197	43.103	116	64	2	1	115	1	115	8.47e-30	100
0_55	0_35	45.113	133	66	5	1	128	1	131	1.15e-28	96.7
0_55	0_291	46.923	130	65	4	1	129	1	127	2.59e-28	95.9
0_55	0_37	43.846	130	67	4	1	126	1	128	1.16e-27	95.1
0_55	0_21	41.353	133	71	5	1	128	1	131	1.08e-26	91.7
0_55	0_77	45.000	100	51	1	8	107	1	96	3.81e-24	84.7
0_56	0_56	100.000	2405	0	0	1	2405	1	2405	0.0	4895
0_57	0_57	100.000	174	0	0	1	174	1	174	1.09e-130	358
0_57	0_132	30.909	165	99	6	7	166	2	156	2.11e-15	67.0
0_57	0_247	26.946	167	107	4	1	165	19	172	7.47e-12	57.0
0_57	0_69	33.824	68	44	1	1	68	29	95	5.31e-08	45.4
0_57	0_324	31.081	74	41	3	2	68	242	312	1.01e-05	39.3
0_58	0_58	100.000	400	0	0	1	400	1	400	0.0	835
0_59	0_59	100.000	736	0	0	1	736	1	736	0.0	1476
0_60	0_60	100.000	429	0	0	1	429	1	429	0.0	879
0_61	0_61	100.000	416	0	0	1	416	1	416	0.0	867
0_61	0_146	24.581	179	109	5	116	282	381	545	6.89e-04	36.2
0_62	0_62	100.000	300	0	0	1	300	1	300	0.0	619
0_62	0_15	38.828	273	117	11	1	262	1	234	4.76e-42	144
0_62	0_341	57.018	114	46	2	1	112	1	113	9.51e-39	133
0_62	0_341	42.424	99	42	4	92	179	189	283	5.86e-14	65.5
0_63	0_63	100.000	292	0	0	1	292	1	292	0.0	612
0_64	0_64	100.000	316	0	0	1	316	1	316	0.0	655
0_65	0_65	100.000	856	0	0	1	856	1	856	0.0	1751
0_66	0_66	100.000	122	0	0	1	122	1	122	5.25e-85	238
0_67	0_67	100.000	428	0	0	1	428	1	428	0.0	888
0_67	0_148	36.726	226	121	5	130	335	377	600	1.55e-41	151
0_67	0_148	33.023	215	130	3	123	335	341	543	1.79e-33	127
0_67	0_148	29.365	252	118	4	120	318	395	639	1.51e-31	122
0_67	0_148	34.483	174	99	3	128	299	488	648	1.45e-28	113
0_67	0_148	30.660	212	127	5	127	331	284	482	1.99e-27	109
0_67	0_148	27.586	87	60	2	255	338	290	376	1.79e-05	41.2
0_67	0_334	33.171	205	127	3	128	331	242	437	9.32e-38	139
0_67	0_334	34.597	211	118	4	125	327	178	376	4.73e-34	129
0_67	0_334	27.243	301	190	6	128	427	302	574	1.16e-29	115
0_67	0_334	34.043	188	114	5	169	346	152	339	8.23e-25	101
0_67	0_281	29.185	233	147	4	113	327	23	255	2.93e-29	112
0_67	0_281	34.426	183	105	3	147	327	1	170	7.45e-29	111
0_67	0_281	27.715	267	167	5	113	368	80	331	1.25e-28	111
0_67	0_168	26.766	269	149	8	130	374	342	586	5.68e-22	93.2
0_67	0_168	22.491	289	140	12	130	366	161	417	8.09e-10	55.1
0_67	0_168	27.193	228	108	8	127	303	498	718	8.13e-09	52.0
0_67	0_168	25.610	246	142	9	128	341	425	661	1.23e-08	51.6
0_67	0_168	28.049	164	104	6	64	219	561	718	1.34e-06	45.1
0_67	0_175	23.387	124	79	5	165	272	40	163	2.46e-05	39.3
0_67	0_175	25.000	132	72	4	130	246	46	165	2.48e-04	36.2
0_68	0_68	100.000	432	0	0	1	432	1	432	0.0	892
0_68	0_326	36.550	342	202	6	26	363	48	378	4.33e-76	238
0_68	0_154	32.298	322	194	6	60	363	68	383	1.12e-49	169
0_68	0_23	27.835	388	238	10	1	364	1	370	2.08e-34	127
0_69	0_69	100.000	230	0	0	1	230	1	230	1.92e-176	478
0_69	0_324	39.749	239	130	7	1	228	213	448	1.33e-51	169
0_69	0_159	35.965	114	70	3	80	191	14	126	3.45e-20	79.3
0_69	0_132	32.353	102	68	1	34	134	1	102	6.83e-16	70.1
0_69	0_247	19.545	220	147	6	14	227	4	199	9.15e-11	55.1
0_69	0_57	33.824	68	44	1	29	95	1	68	7.01e-08	45.4
0_69	0_283	35.294	51	28	1	1	46	190	240	1.75e-05	38.9
0_70	0_70	100.000	333	0	0	1	333	1	333	0.0	692
0_70	0_333	28.125	256	142	12	77	325	117	337	2.36e-17	76.3
0_71	0_71	100.000	643	0	0	1	643	1	643	0.0	1323
0_72	0_72	100.000	156	0	0	1	156	1	156	2.97e-115	318
0_72	0_330	89.091	165	8	1	1	155	112	276	2.42e-103	295
0_72	0_158	34.444	90	49	3	68	151	279	364	3.91e-09	48.9
0_73	0_73	100.000	312	0	0	1	312	1	312	0.0	652
0_73	0_182	39.506	81	42	1	52	132	64	137	1.86e-13	62.8
0_73	0_139	42.391	92	47	2	53	141	44	132	2.12e-12	61.2
0_73	0_41	49.180	61	29	1	75	133	90	150	1.70e-11	57.0
0_74	0_74	100.000	259	0	0	1	259	1	259	0.0	546
0_74	0_111	99.556	225	1	0	35	259	1	225	2.29e-172	469
0_75	0_75	100.000	1271	0	0	1	1271	1	1271	0.0	2628
0_75	0_208	43.478	161	84	3	982	1142	281	434	9.62e-38	142
0_75	0_208	30.841	107	61	5	791	897	176	269	8.96e-06	43.9
0_75	0_328	24.155	207	127	8	996	1186	571	763	1.92e-08	52.8
0_75	0_328	20.670	179	130	5	982	1160	207	373	1.14e-07	50.4
0_75	0_344	25.191	131	79	5	968	1091	106	224	4.50e-07	47.0
0_75	0_311	25.767	163	101	7	565	721	209	357	1.60e-05	43.1
0_75	0_311	28.226	124	77	6	582	705	136	247	2.36e-04	39.3
0_75	0_311	24.747	198	133	8	255	451	211	393	0.001	37.4
0_76	0_76	100.000	517	0	0	1	517	1	517	0.0	1073
0_76	0_54	31.621	506	313	12	28	512	21	514	7.24e-71	230
0_77	0_77	100.000	117	0	0	1	117	1	117	3.93e-87	243
0_77	0_271	54.386	114	47	4	6	114	10	123	1.12e-34	111
0_77	0_329	53.509	114	48	4	6	114	10	123	3.18e-34	110
0_77	0_98	41.880	117	63	3	1	112	8	124	4.36e-26	89.7
0_77	0_197	40.351	114	63	3	1	109	8	121	3.02e-24	85.5
0_77	0_55	45.000	100	51	1	1	96	8	107	3.45e-24	84.7
0_77	0_142	44.086	93	48	1	8	96	15	107	2.12e-23	82.8
0_77	0_43	43.011	93	49	1	8	96	15	107	8.50e-23	81.3
0_77	0_291	38.843	121	67	5	1	116	8	126	5.54e-18	68.9
0_77	0_376	37.607	117	53	4	1	116	8	105	5.53e-16	63.2
0_77	0_11	33.884	121	61	4	1	109	8	121	9.45e-16	63.2
0_77	0_35	38.235	102	54	4	1	94	8	108	9.61e-16	63.2
0_77	0_37	38.462	104	55	4	1	96	8	110	1.43e-15	63.5
0_77	0_21	33.607	122	65	5	3	109	10	130	2.69e-15	62.0
0_77	0_309	40.000	120	66	3	1	114	8	127	9.83e-15	60.5
0_78	0_78	100.000	645	0	0	1	645	1	645	0.0	1342
0_79	0_79	100.000	134	0	0	1	134	1	134	9.48e-97	269
0_80	0_80	100.000	258	0	0	1	258	1	258	0.0	539
0_80	0_19	44.776	67	37	0	70	136	133	199	1.77e-13	63.9
0_81	0_81	100.000	847	0	0	1	847	1	847	0.0	1735
0_82	0_82	100.000	487	0	0	1	487	1	487	0.0	1007
0_83	0_83	100.000	280	0	0	1	280	1	280	0.0	577
0_84	0_84	100.000	509	0	0	1	509	1	509	0.0	1028
0_85	0_85	100.000	86	0	0	1	86	1	86	4.43e-60	172
0_86	0_86	100.000	369	0	0	1	369	1	369	0.0	761
0_87	0_87	100.000	179	0	0	1	179	1	179	3.82e-133	365
0_88	0_88	100.000	299	0	0	1	299	1	299	0.0	627
0_89	0_89	100.000	4404	0	0	1	4404	1	4404	0.0	9143
0_90	0_90	100.000	436	0	0	1	436	1	436	0.0	917
0_91	0_91	100.000	1528	0	0	1	1528	1	1528	0.0	3165
0_92	0_92	100.000	451	0	0	1	451	1	451	0.0	942
0_92	0_199	26.590	173	99	5	269	420	701	866	1.19e-11	61.2
0_93	0_93	100.000	71	0	0	1	71	1	71	7.34e-50	145
0_93	0_356	57.746	71	22	2	6	71	11	78	2.24e-20	76.3
0_93	0_114	46.875	64	32	2	10	71	67	130	1.56e-10	49.3
0_94	0_94	100.000	213	0	0	1	213	1	213	1.56e-164	447
0_95	0_95	100.000	454	0	0	1	454	1	454	0.0	927
0_96	0_96	100.000	134	0	0	1	134	1	134	3.24e-100	278
0_96	0_128	52.632	38	17	1	41	77	47	84	6.93e-07	41.6
0_96	0_46	38.095	42	24	1	39	78	30	71	1.62e-05	37.0
0_97	0_97	100.000	126	0	0	1	126	1	126	5.84e-91	254
0_98	0_98	100.000	130	0	0	1	130	1	130	3.78e-95	265
0_98	0_271	53.435	131	56	3	1	130	1	127	1.06e-43	134
0_98	0_329	52.672	131	57	3	1	130	1	127	2.26e-43	134
0_98	0_43	51.145	131	60	3	1	129	1	129	4.24e-37	118
0_98	0_142	50.382	131	61	3	1	129	1	129	1.12e-35	114
0_98	0_55	42.735	117	65	1	1	115	1	117	1.75e-34	111
0_98	0_197	46.847	111	57	2	1	109	1	111	1.67e-29	99.4
0_98	0_309	40.152	132	74	3	1	130	1	129	9.79e-27	91.7
0_98	0_291	45.370	108	55	3	1	106	1	106	3.57e-26	90.5
0_98	0_77	41.880	117	63	3	8	124	1	112	4.84e-26	89.7
0_98	0_376	43.396	106	39	2	1	106	1	85	2.65e-25	87.4
0_98	0_11	39.450	109	56	3	1	106	1	102	7.79e-25	86.7
0_98	0_37	41.600	125	64	5	1	119	1	122	4.06e-24	85.9
0_98	0_21	37.500	136	75	6	1	130	1	132	8.35e-24	84.3
0_98	0_35	38.971	136	73	6	1	130	1	132	3.06e-23	82.8
0_99	0_99	100.000	524	0	0	1	524	1	524	0.0	1055
0_99	0_276	33.333	108	71	1	56	162	46	153	6.07e-10	53.1
0_99	0_276	37.179	78	48	1	77	153	45	122	2.16e-06	42.7
0_100	0_100	100.000	488	0	0	1	488	1	488	0.0	995
0_100	0_30	33.876	307	195	3	62	362	135	439	2.33e-53	181
0_100	0_214	24.868	189	132	5	90	271	107	292	3.01e-11	59.7
0_100	0_18	28.767	73	52	0	162	234	179	251	8.13e-07	45.1
0_100	0_171	23.810	210	123	7	77	271	335	522	5.88e-05	39.7
0_101	0_101	100.000	404	0	0	1	404	1	404	0.0	839
0_102	0_102	100.000	282	0	0	1	282	1	282	0.0	582
0_103	0_103	100.000	420	0	0	1	420	1	420	0.0	875
0_104	0_104	100.000	269	0	0	1	269	1	269	0.0	551
0_104	0_42	33.333	90	53	1	21	103	14	103	5.42e-08	47.0
0_105	0_105	100.000	322	0	0	1	322	1	322	0.0	670
0_106	0_106	100.000	441	0	0	1	441	1	441	0.0	911
0_107	0_107	100.000	497	0	0	1	497	1	497	0.0	1044
0_107	0_171	69.835	484	37	6	50	424	115	598	0.0	654
0_107	0_171	58.088	136	24	3	392	494	685	820	7.23e-34	130
0_107	0_214	25.000	324	162	14	155	412	39	347	4.70e-12	62.4
0_107	0_288	28.723	94	55	3	57	141	6	96	2.28e-04	35.8
0_108	0_108	100.000	1376	0	0	1	1376	1	1376	0.0	2846
0_109	0_109	100.000	222	0	0	1	222	1	222	8.87e-170	461
0_110	0_110	100.000	685	0	0	1	685	1	685	0.0	1370
0_111	0_111	100.000	225	0	0	1	225	1	225	1.31e-173	471
0_111	0_74	99.556	225	1	0	1	225	35	259	1.99e-172	469
0_112	0_112	100.000	4258	0	0	1	4258	1	4258	0.0	8782
0_112	0_294	95.511	3453	155	0	806	4258	1	3453	0.0	6818
0_112	0_358	34.274	1453	880	19	1537	2934	7	1439	0.0	861
0_112	0_135	39.223	849	499	7	1202	2040	88	929	0.0	630
0_113	0_113	100.000	131	0	0	1	131	1	131	1.37e-95	266
0_114	0_114	100.000	441	0	0	1	441	1	441	0.0	908
0_114	0_356	62.385	109	39	2	62	169	10	117	8.55e-39	136
0_114	0_356	29.592	98	68	1	340	437	141	237	1.25e-06	44.3
0_114	0_93	46.875	64	32	2	67	130	10	71	9.71e-10	49.3
0_115	0_115	100.000	425	0	0	1	425	1	425	0.0	843
0_115	0_301	96.429	112	4	0	314	425	8	119	4.03e-76	228
0_116	0_116	100.000	825	0	0	1	825	1	825	0.0	1706
0_116	0_50	35.385	130	76	3	701	825	259	385	7.15e-11	59.7
0_117	0_117	100.000	763	0	0	1	763	1	763	0.0	1587
0_118	0_118	100.000	902	0	0	1	902	1	902	0.0	1878
0_119	0_119	100.000	929	0	0	1	929	1	929	0.0	1932
0_120	0_120	100.000	207	0	0	1	207	1	207	5.15e-159	432
0_121	0_121	100.000	190	0	0	1	190	1	190	2.74e-144	394
0_121	0_269	35.714	168	100	6	26	189	20	183	4.14e-22	86.3
0_121	0_204	32.450	151	95	5	42	189	43	189	2.53e-16	70.5
0_121	0_125	31.250	112	73	3	78	189	146	253	1.98e-08	47.8
0_121	0_5	28.049	164	97	5	37	189	52	205	7.43e-07	42.7
0_121	0_191	26.437	87	62	1	103	189	21	105	4.68e-04	34.3
0_122	0_122	100.000	328	0	0	1	328	1	328	0.0	630
0_123	0_123	100.000	218	0	0	1	218	1	218	7.69e-163	443
0_124	0_124	100.000	201	0	0	1	201	1	201	2.39e-147	402
0_125	0_125	100.000	466	0	0	1	466	1	466	0.0	973
0_125	0_289	38.000	400	220	8	70	462	17	395	1.00e-79	248
0_125	0_5	37.500	400	200	8	65	462	17	368	5.08e-78	243
0_125	0_381	57.143	161	54	3	305	464	2	148	1.38e-57	182
0_125	0_191	34.395	314	120	6	152	464	4	232	7.47e-52	170
0_125	0_292	54.264	129	58	1	195	322	1	129	5.92e-47	153
0_125	0_347	38.037	163	65	4	303	463	2	130	1.03e-30	112
0_125	0_204	25.088	283	196	4	106	387	42	309	6.33e-24	97.1
0_125	0_269	27.174	276	178	9	120	390	47	304	5.09e-20	85.5
0_125	0_121	31.250	112	73	3	146	253	78	189	4.85e-08	47.8
0_125	0_259	24.390	164	105	4	227	386	84	232	2.48e-06	43.1
0_126	0_126	100.000	1031	0	0	1	1031	1	1031	0.0	2124
0_127	0_127	100.000	184	0	0	1	184	1	184	1.29e-137	376
0_128	0_128	100.000	335	0	0	1	335	1	335	0.0	696
0_128	0_96	52.632	38	17	1	47	84	41	77	1.89e-06	41.2
0_129	0_129	100.000	551	0	0	1	551	1	551	0.0	1120
0_130	0_130	100.000	191	0	0	1	191	1	191	4.87e-142	388
0_131	0_131	100.000	311	0	0	1	311	1	311	0.0	651
0_131	0_202	38.783	263	143	9	51	301	957	1213	1.03e-45	160
0_131	0_27	36.626	243	138	8	65	296	360	597	2.19e-40	143
0_131	0_149	31.878	229	127	9	87	296	144	362	3.09e-22	90.1
0_132	0_132	100.000	341	0	0	1	341	1	341	0.0	703
0_132	0_247	27.451	255	172	4	1	252	24	268	6.34e-28	106
0_132	0_69	32.353	102	68	1	1	102	34	134	1.01e-15	70.1
0_132	0_57	30.909	165	99	6	2	156	7	166	4.14e-15	67.0
0_132	0_324	25.175	143	90	4	1	138	246	376	2.49e-08	49.7
0_132	0_159	24.299	107	69	1	49	155	16	110	1.74e-05	39.3
0_133	0_133	100.000	153	0	0	1	153	1	153	2.31e-112	310
0_134	0_134	100.000	147	0	0	1	147	1	147	3.31e-111	306
0_134	0_187	100.000	147	0	0	1	147	18	164	4.38e-111	307
0_135	0_135	100.000	947	0	0	1	947	1	947	0.0	1967
0_135	0_112	39.223	849	499	7	88	929	1202	2040	0.0	621
0_135	0_294	39.105	849	500	7	88	929	397	1235	0.0	618
0_135	0_358	49.503	503	247	4	420	916	4	505	7.77e-157	494
0_136	0_136	100.000	152	0	0	1	152	1	152	3.62e-107	297
0_137	0_137	100.000	223	0	0	1	223	1	223	1.41e-167	455
0_138	0_138	100.000	474	0	0	1	474	1	474	0.0	981
0_139	0_139	100.000	318	0	0	1	318	1	318	0.0	645
0_139	0_182	36.782	87	52	1	42	128	59	142	3.42e-12	59.3
0_139	0_73	33.051	118	75	2	61	178	73	186	4.01e-12	60.5
0_139	0_41	46.296	54	22	2	66	116	93	142	7.73e-08	46.2
0_140	0_140	100.000	681	0	0	1	681	1	681	0.0	1393
0_140	0_371	33.729	421	244	6	165	584	8	394	1.43e-65	216
0_141	0_141	100.000	299	0	0	1	299	1	299	0.0	624
0_142	0_142	100.000	130	0	0	1	130	1	130	3.37e-97	270
0_142	0_43	90.000	130	13	0	1	130	1	130	2.35e-80	227
0_142	0_55	56.923	130	55	1	1	130	1	129	7.18e-52	155
0_142	0_291	55.385	130	55	3	1	130	1	127	3.14e-43	133
0_142	0_376	54.615	130	35	3	1	130	1	106	4.55e-43	132
0_142	0_21	51.880	133	58	4	1	129	1	131	4.52e-41	128
0_142	0_98	50.382	131	61	3	1	129	1	129	5.02e-41	128
0_142	0_35	49.624	133	61	4	1	129	1	131	3.26e-40	126
0_142	0_309	52.000	125	60	0	1	125	1	125	3.60e-39	123
0_142	0_271	50.000	126	57	3	1	125	1	121	2.30e-38	121
0_142	0_329	49.206	126	58	3	1	125	1	121	1.01e-37	119
0_142	0_197	46.923	130	66	3	1	129	1	128	8.42e-37	117
0_142	0_11	48.092	131	59	3	1	130	1	123	1.85e-36	116
0_142	0_37	49.600	125	57	4	1	121	1	123	3.24e-36	117
0_142	0_77	44.000	100	52	1	8	107	1	96	8.70e-26	89.0
0_143	0_143	100.000	657	0	0	1	657	1	657	0.0	1353
0_143	0_282	51.208	207	75	3	171	374	84	267	3.44e-64	213
0_144	0_144	100.000	411	0	0	1	411	1	411	0.0	855
0_144	0_276	29.333	150	92	7	113	254	39	182	2.36e-04	36.2
0_145	0_145	100.000	210	0	0	1	210	1	210	1.26e-161	439
0_146	0_146	100.000	911	0	0	1	911	1	911	0.0	1882
0_146	0_268	31.034	58	38	1	356	411	205	262	6.78e-04	37.4
0_147	0_147	100.000	556	0	0	1	556	1	556	0.0	1152
0_148	0_148	100.000	852	0	0	1	852	1	852	0.0	1771
0_148	0_334	31.988	347	215	7	316	649	152	490	9.72e-52	187
0_148	0_334	29.134	381	220	8	275	638	171	518	9.33e-47	172
0_148	0_334	24.786	117	61	1	537	653	144	233	4.65e-04	37.7
0_148	0_281	32.180	289	185	4	371	649	6	293	1.12e-47	169
0_148	0_281	32.283	254	170	2	396	648	3	255	5.28e-40	147
0_148	0_281	28.912	294	195	6	316	599	10	299	7.16e-36	135
0_148	0_281	34.031	191	121	5	452	639	2	190	1.07e-30	120
0_148	0_281	28.571	217	139	6	276	482	86	296	2.08e-14	70.5
0_148	0_281	30.357	56	39	0	594	649	2	57	1.41e-05	42.4
0_148	0_67	36.726	226	121	5	377	600	130	335	3.67e-41	151
0_148	0_67	34.177	237	124	5	395	624	120	331	1.29e-39	146
0_148	0_67	31.579	228	142	3	341	556	123	348	4.24e-33	127
0_148	0_67	34.483	174	99	3	488	648	128	299	3.02e-28	113
0_148	0_67	28.495	186	128	4	295	480	176	356	1.81e-17	80.1
0_148	0_67	27.586	87	60	2	290	376	255	338	3.65e-05	41.2
0_148	0_168	24.155	414	235	14	317	659	183	588	2.04e-24	103
0_148	0_168	25.066	379	210	15	318	624	342	718	1.58e-23	101
0_148	0_168	25.857	321	197	11	344	636	157	464	2.24e-15	74.7
0_148	0_316	21.488	242	165	7	317	541	681	914	2.14e-06	45.4
0_148	0_175	25.620	121	70	5	462	579	46	149	2.79e-04	37.4
0_149	0_149	100.000	368	0	0	1	368	1	368	0.0	765
0_149	0_27	30.804	224	144	5	145	366	387	601	1.60e-34	128
0_149	0_202	30.909	220	140	6	148	365	1002	1211	2.68e-25	102
0_149	0_131	31.878	229	127	9	144	362	87	296	4.07e-22	90.1
0_150	0_150	100.000	119	0	0	1	119	1	119	3.73e-88	246
0_150	0_295	30.769	91	55	4	1	84	1	90	7.88e-06	38.1
0_151	0_151	100.000	146	0	0	1	146	1	146	1.89e-103	287
0_151	0_342	91.096	146	13	0	1	146	340	485	1.20e-91	269
0_151	0_22	27.397	146	96	4	2	141	324	465	2.92e-10	51.6
0_152	0_152	100.000	335	0	0	1	335	1	335	0.0	690
0_153	0_153	100.000	230	0	0	1	230	1	230	6.72e-174	472
0_154	0_154	100.000	414	0	0	1	414	1	414	0.0	847
0_154	0_326	33.234	334	194	8	69	395	84	395	6.11e-57	187
0_154	0_68	32.298	322	194	6	68	383	60	363	1.19e-49	168
0_154	0_23	32.215	298	190	4	102	399	100	385	6.34e-34	125
0_155	0_155	100.000	810	0	0	1	810	1	810	0.0	1684
0_156	0_156	100.000	302	0	0	1	302	1	302	0.0	628
0_157	0_157	100.000	5715	0	0	1	5715	1	5715	0.0	11725
0_158	0_158	100.000	465	0	0	1	465	1	465	0.0	944
0_158	0_330	43.716	183	93	3	279	457	189	365	1.07e-36	133
0_158	0_72	34.444	90	49	3	279	364	68	151	1.20e-08	48.5
0_159	0_159	100.000	175	0	0	1	175	1	175	8.95e-136	371
0_159	0_324	46.721	122	64	1	8	129	291	411	3.27e-35	123
0_159	0_69	35.965	114	70	3	14	126	80	191	2.63e-20	79.3
0_159	0_132	24.299	107	69	1	16	110	49	155	8.94e-06	39.3
0_160	0_160	100.000	379	0	0	1	379	1	379	0.0	773
0_161	0_161	100.000	162	0	0	1	162	1	162	9.70e-123	337
0_162	0_162	100.000	115	0	0	1	115	1	115	1.38e-83	234
0_163	0_163	100.000	174	0	0	1	174	1	174	7.63e-129	353
0_164	0_164	100.000	438	0	0	1	438	1	438	0.0	911
0_164	0_1	99.772	438	1	0	1	438	1	438	0.0	910
0_165	0_165	100.000	537	0	0	1	537	1	537	0.0	1095
0_166	0_166	100.000	291	0	0	1	291	1	291	0.0	597
0_167	0_167	100.000	160	0	0	1	160	1	160	2.02e-118	326
0_168	0_168	100.000	1098	0	0	1	1098	1	1098	0.0	2272
0_168	0_148	24.740	384	246	13	211	588	313	659	3.01e-24	103
0_168	0_148	25.066	379	210	15	342	718	318	624	2.70e-23	100
0_168	0_148	29.600	125	73	6	596	718	314	425	1.16e-05	43.5
0_168	0_334	25.495	404	239	12	183	555	93	465	1.72e-22	97.8
0_168	0_334	24.859	354	218	14	371	718	154	465	2.05e-18	84.7
0_168	0_334	27.037	270	174	9	184	448	244	495	2.14e-18	84.7
0_168	0_334	22.382	487	232	18	279	693	89	501	2.06e-15	75.1
0_168	0_334	24.859	354	195	16	370	718	93	380	9.00e-12	63.2
0_168	0_334	21.970	264	162	8	629	868	182	425	8.64e-05	40.4
0_168	0_67	26.766	269	149	8	342	586	130	374	1.75e-21	93.2
0_168	0_67	29.012	162	90	3	310	447	171	331	8.67e-13	65.9
0_168	0_67	22.491	289	140	12	161	417	130	366	2.69e-09	54.7
0_168	0_67	27.193	228	108	8	498	718	127	303	3.05e-08	51.6
0_168	0_67	25.610	246	142	9	425	661	128	341	4.28e-08	50.8
0_168	0_67	22.222	306	187	11	561	852	64	332	8.40e-06	43.5
0_168	0_281	23.164	354	199	12	370	718	11	296	7.61e-14	69.3
0_168	0_281	22.846	267	178	8	183	443	11	255	6.06e-12	63.2
0_168	0_281	22.442	303	190	10	282	555	10	296	6.33e-12	63.2
0_168	0_281	22.713	317	173	15	152	447	31	296	7.79e-08	50.1
0_168	0_281	22.667	225	141	7	655	876	5	199	1.06e-04	40.0
0_169	0_169	100.000	337	0	0	1	337	1	337	0.0	703
0_169	0_373	81.040	327	60	2	1	326	10	335	0.0	550
0_169	0_236	40.625	64	34	2	264	326	363	423	4.07e-06	42.4
0_170	0_170	100.000	1351	0	0	1	1351	1	1351	0.0	2791
0_170	0_226	31.120	241	145	7	214	447	713	939	2.67e-24	104
0_171	0_171	100.000	843	0	0	1	843	1	843	0.0	1743
0_171	0_107	69.835	484	37	6	115	598	50	424	0.0	654
0_171	0_107	62.500	120	12	3	701	820	408	494	1.64e-33	130
0_171	0_214	26.271	590	368	19	271	820	36	598	6.42e-39	148
0_171	0_236	23.784	370	226	11	511	831	27	389	7.86e-19	84.3
0_171	0_280	47.826	69	36	0	775	843	87	155	4.85e-14	65.1
0_171	0_300	45.763	59	32	0	779	837	216	274	1.03e-11	60.8
0_171	0_300	23.656	186	108	5	510	685	5	166	4.02e-04	37.4
0_171	0_100	23.762	202	133	6	335	522	77	271	8.85e-05	40.0
0_171	0_288	30.769	78	41	3	184	252	31	104	7.37e-04	35.0
0_172	0_172	100.000	229	0	0	1	229	1	229	5.75e-175	474
0_173	0_173	100.000	812	0	0	1	812	1	812	0.0	1709
0_174	0_174	100.000	182	0	0	1	182	1	182	1.30e-134	369
0_175	0_175	100.000	186	0	0	1	186	1	186	3.97e-140	383
0_175	0_334	31.667	120	69	3	46	162	183	292	2.38e-09	50.4
0_175	0_334	27.692	130	79	3	35	164	349	463	4.47e-08	46.6
0_175	0_334	40.741	54	31	1	44	97	443	495	4.01e-06	40.8
0_175	0_334	24.832	149	91	6	20	168	283	410	1.15e-05	39.3
0_175	0_67	23.387	124	79	5	40	163	165	272	1.07e-05	39.3
0_175	0_67	25.000	132	72	4	46	165	130	246	1.08e-04	36.2
0_175	0_67	26.667	75	54	1	19	93	256	329	8.08e-04	33.9
0_175	0_281	28.571	119	71	3	46	164	125	229	2.31e-05	38.5
0_175	0_281	24.409	127	75	4	44	167	67	175	8.19e-05	36.6
0_175	0_148	25.620	121	70	5	46	149	462	579	6.98e-05	37.0
0_176	0_176	100.000	396	0	0	1	396	1	396	0.0	826
0_177	0_177	100.000	214	0	0	1	214	1	214	3.93e-157	428
0_178	0_178	100.000	310	0	0	1	310	1	310	0.0	640
0_179	0_179	100.000	364	0	0	1	364	1	364	0.0	748
0_179	0_100	24.242	99	75	0	18	116	206	304	5.63e-04	35.8
0_180	0_180	100.000	1260	0	0	1	1260	1	1260	0.0	2525
0_181	0_181	100.000	338	0	0	1	338	1	338	0.0	693
0_182	0_182	100.000	200	0	0	1	200	1	200	1.83e-147	402
0_182	0_41	50.704	71	33	1	73	141	83	153	3.77e-15	65.5
0_182	0_73	50.000	56	28	0	82	137	77	132	1.34e-13	62.8
0_182	0_139	36.782	87	52	1	59	142	42	128	1.99e-12	59.3
0_183	0_183	100.000	202	0	0	1	202	1	202	4.46e-153	417
0_184	0_184	100.000	1352	0	0	1	1352	1	1352	0.0	2754
0_185	0_185	100.000	404	0	0	1	404	1	404	0.0	838
0_186	0_186	100.000	556	0	0	1	556	1	556	0.0	1137
0_186	0_342	22.762	391	219	16	193	543	132	479	1.49e-05	41.6
0_187	0_187	100.000	164	0	0	1	164	1	164	3.45e-124	341
0_187	0_134	100.000	147	0	0	18	164	1	147	4.88e-111	307
0_188	0_188	100.000	230	0	0	1	230	1	230	1.06e-176	479
0_188	0_211	100.000	167	0	0	64	230	11	177	1.34e-124	345
0_188	0_231	77.376	221	45	2	14	230	36	255	4.68e-110	311
0_189	0_189	100.000	157	0	0	1	157	1	157	4.26e-120	330
0_190	0_190	100.000	367	0	0	1	367	1	367	0.0	756
0_191	0_191	100.000	240	0	0	1	240	1	240	0.0	498
0_191	0_125	34.395	314	120	6	4	232	152	464	3.85e-52	170
0_191	0_5	36.981	265	129	4	5	231	105	369	1.98e-48	158
0_191	0_289	36.889	225	99	2	4	185	98	322	3.50e-41	140
0_191	0_292	57.692	78	33	0	48	125	2	79	2.25e-25	92.0
0_191	0_347	37.008	127	57	4	124	232	10	131	2.58e-16	69.3
0_191	0_204	29.457	129	90	1	1	128	84	212	2.06e-11	57.4
0_191	0_269	24.607	191	118	3	21	185	98	288	1.59e-10	54.7
0_191	0_381	59.091	44	16	1	125	166	9	52	1.20e-09	50.1
0_191	0_121	26.437	87	62	1	21	105	103	189	5.91e-04	34.3
0_192	0_192	100.000	278	0	0	1	278	1	278	0.0	578
0_192	0_253	30.901	233	139	6	3	231	13	227	1.38e-29	106
0_192	0_260	24.051	237	136	11	52	278	59	261	1.12e-05	40.4
0_193	0_193	100.000	157	0	0	1	157	1	157	6.27e-119	327
0_194	0_194	100.000	632	0	0	1	632	1	632	0.0	1298
0_195	0_195	100.000	105	0	0	1	105	1	105	3.85e-76	214
0_196	0_196	100.000	1381	0	0	1	1381	1	1381	0.0	2872
0_196	0_53	24.632	272	158	6	288	521	23	285	1.11e-16	78.2
0_196	0_53	34.043	94	48	5	591	680	284	367	1.58e-05	43.1
0_197	0_197	100.000	145	0	0	1	145	1	145	1.44e-106	295
0_197	0_142	46.565	131	67	3	1	129	1	130	8.20e-32	105
0_197	0_43	45.038	131	69	3	1	129	1	130	1.07e-30	102
0_197	0_55	43.103	116	64	2	1	115	1	115	9.52e-30	100
0_197	0_98	46.847	111	57	2	1	111	1	109	1.86e-29	99.4
0_197	0_271	45.946	111	54	4	1	110	1	106	7.53e-27	92.4
0_197	0_329	45.045	111	55	4	1	110	1	106	1.77e-26	91.7
0_197	0_291	43.846	130	67	6	1	128	1	126	2.78e-24	85.9
0_197	0_77	40.351	114	63	3	8	121	1	109	3.75e-24	85.5
0_197	0_21	36.641	131	80	2	1	128	1	131	4.83e-23	83.2
0_197	0_35	34.351	131	83	2	1	128	1	131	1.92e-22	81.6
0_197	0_376	36.434	129	57	4	1	128	1	105	5.27e-22	79.7
0_197	0_11	42.202	109	55	3	1	108	1	102	1.05e-21	79.3
0_197	0_37	36.290	124	74	4	1	120	1	123	2.51e-20	76.6
0_197	0_309	42.241	116	65	2	1	115	1	115	4.62e-20	75.1
0_198	0_198	100.000	229	0	0	1	229	1	229	7.88e-170	461
0_199	0_199	100.000	899	0	0	1	899	1	899	0.0	1858
0_199	0_92	26.590	173	99	5	701	866	269	420	2.36e-11	61.2
0_200	0_200	100.000	687	0	0	1	687	1	687	0.0	1441
0_201	0_201	100.000	517	0	0	1	517	1	517	0.0	1075
0_201	0_277	99.412	170	1	0	348	517	3	172	4.95e-123	352
0_202	0_202	100.000	1215	0	0	1	1215	1	1215	0.0	2490
0_202	0_27	45.312	256	133	5	958	1211	350	600	6.15e-64	223
0_202	0_131	38.783	263	143	9	957	1213	51	301	1.16e-44	159
0_202	0_149	32.589	224	139	8	999	1212	145	366	1.18e-25	104
0_203	0_203	100.000	111	0	0	1	111	1	111	1.05e-81	229
0_204	0_204	100.000	356	0	0	1	356	1	356	0.0	741
0_204	0_269	44.981	269	144	3	43	310	37	302	3.70e-80	244
0_204	0_259	35.873	315	123	5	20	333	20	256	2.53e-54	174
0_204	0_5	31.317	281	159	9	40	312	56	310	7.76e-26	101
0_204	0_125	25.088	283	196	4	42	309	106	387	4.84e-24	97.1
0_204	0_289	21.317	319	218	8	40	330	50	363	7.15e-17	75.5
0_204	0_121	32.450	151	95	5	43	189	42	189	4.75e-16	70.5
0_204	0_191	29.457	129	90	1	84	212	1	128	3.06e-11	57.4
0_204	0_292	26.437	87	63	1	130	216	1	86	3.28e-07	43.5
0_204	0_381	27.500	80	43	2	232	309	5	71	2.04e-05	38.9
0_205	0_205	100.000	556	0	0	1	556	1	556	0.0	1119
0_206	0_206	100.000	832	0	0	1	832	1	832	0.0	1729
0_207	0_207	100.000	469	0	0	1	469	1	469	0.0	940
0_208	0_208	100.000	440	0	0	1	440	1	440	0.0	920
0_208	0_75	43.478	161	84	3	281	434	982	1142	3.30e-38	142
0_208	0_75	30.841	107	61	5	176	269	791	897	3.15e-06	43.9
0_208	0_328	25.283	265	179	7	127	382	410	664	6.19e-17	77.8
0_208	0_328	25.112	223	149	7	169	378	88	305	3.72e-15	72.0
0_208	0_344	29.126	206	125	9	187	378	20	218	7.17e-16	71.2
0_208	0_243	24.257	202	134	6	188	372	27	226	6.50e-06	42.4
0_208	0_213	21.759	216	134	7	187	371	258	469	1.47e-05	41.6
0_209	0_209	100.000	196	0	0	1	196	1	196	1.05e-147	403
0_210	0_210	100.000	601	0	0	1	601	1	601	0.0	1204
0_210	0_331	48.000	50	26	0	245	294	293	342	3.70e-11	59.7
0_211	0_211	100.000	177	0	0	1	177	1	177	1.00e-133	366
0_211	0_188	100.000	167	0	0	11	177	64	230	1.03e-124	345
0_211	0_231	95.858	169	7	0	9	177	87	255	1.13e-109	308
0_212	0_212	100.000	340	0	0	1	340	1	340	0.0	696
0_212	0_346	100.000	339	0	0	1	339	1	339	0.0	694
0_213	0_213	100.000	593	0	0	1	593	1	593	0.0	1237
0_213	0_344	26.923	234	134	6	255	479	17	222	1.71e-21	88.2
0_213	0_243	26.471	340	199	15	257	577	25	332	2.10e-18	81.3
0_213	0_328	24.731	279	172	9	239	504	81	334	2.23e-16	77.0
0_213	0_328	25.294	340	175	13	252	579	459	731	1.01e-12	65.1
0_213	0_208	21.759	216	134	7	258	469	187	371	2.44e-05	41.2
0_214	0_214	100.000	613	0	0	1	613	1	613	0.0	1269
0_214	0_300	37.910	335	138	10	278	608	1	269	1.59e-57	190
0_214	0_171	25.042	599	364	17	36	598	271	820	2.88e-38	145
0_214	0_236	22.338	385	225	8	275	604	21	386	6.71e-18	80.9
0_214	0_107	25.000	324	162	14	39	347	155	412	5.80e-12	62.4
0_214	0_100	24.868	189	132	5	107	292	90	271	3.78e-11	59.7
0_214	0_280	24.490	147	95	4	452	598	2	132	1.99e-06	42.7
0_214	0_30	21.397	229	163	9	101	323	157	374	5.36e-04	37.0
0_215	0_215	100.000	472	0	0	1	472	1	472	0.0	959
0_216	0_216	100.000	289	0	0	1	289	1	289	0.0	595
0_216	0_47	51.685	89	40	2	184	269	198	286	3.21e-26	99.8
0_217	0_217	100.000	283	0	0	1	283	1	283	0.0	593
0_218	0_218	100.000	264	0	0	1	264	1	264	0.0	540
0_219	0_219	100.000	171	0	0	1	171	1	171	1.07e-129	355
0_220	0_220	100.000	309	0	0	1	309	1	309	0.0	633
0_221	0_221	100.000	1043	0	0	1	1043	1	1043	0.0	2143
0_222	0_222	100.000	143	0	0	1	143	1	143	1.69e-101	282
0_223	0_223	100.000	544	0	0	1	544	1	544	0.0	1118
0_224	0_224	100.000	469	0	0	1	469	1	469	0.0	967
0_225	0_225	100.000	4912	0	0	1	4912	1	4912	0.0	10210
0_226	0_226	100.000	940	0	0	1	940	1	940	0.0	1930
0_226	0_170	31.120	241	145	7	713	939	214	447	1.20e-24	105
0_227	0_227	100.000	232	0	0	1	232	1	232	5.86e-178	482
0_228	0_228	100.000	392	0	0	1	392	1	392	0.0	815
0_229	0_229	100.000	605	0	0	1	605	1	605	0.0	1204
0_230	0_230	100.000	509	0	0	1	509	1	509	0.0	1031
0_231	0_231	100.000	255	0	0	1	255	1	255	0.0	531
0_231	0_211	95.858	169	7	0	87	255	9	177	6.68e-110	309
0_231	0_188	77.376	221	45	2	36	255	14	230	4.94e-109	309
0_232	0_232	100.000	161	0	0	1	161	1	161	7.78e-119	327
0_233	0_233	100.000	262	0	0	1	262	1	262	0.0	541
0_234	0_234	100.000	195	0	0	1	195	1	195	3.14e-147	402
0_235	0_235	100.000	683	0	0	1	683	1	683	0.0	1415
0_236	0_236	100.000	434	0	0	1	434	1	434	0.0	894
0_236	0_214	22.338	385	225	8	21	386	275	604	4.75e-18	80.9
0_236	0_171	23.784	370	226	11	27	389	511	831	1.02e-17	80.1
0_236	0_280	50.909	55	25	1	337	389	89	143	2.27e-11	56.6
0_236	0_373	48.438	64	28	3	374	434	284	345	1.55e-08	50.4
0_236	0_300	34.783	69	43	1	323	389	200	268	2.45e-08	49.3
0_236	0_169	40.625	64	34	2	363	423	264	326	5.24e-06	42.4
0_237	0_237	100.000	1731	0	0	1	1731	1	1731	0.0	3570
0_238	0_238	100.000	278	0	0	1	278	1	278	0.0	572
0_238	0_355	52.055	146	70	0	132	277	2	147	3.49e-50	158
0_239	0_239	100.000	510	0	0	1	510	1	510	0.0	1049
0_239	0_366	40.094	424	245	3	83	506	30	444	5.42e-104	314
0_240	0_240	100.000	457	0	0	1	457	1	457	0.0	957
0_241	0_241	100.000	2172	0	0	1	2172	1	2172	0.0	4518
0_242	0_242	100.000	830	0	0	1	830	1	830	0.0	1711
0_243	0_243	100.000	350	0	0	1	350	1	350	0.0	732
0_243	0_213	26.471	340	199	15	25	332	257	577	1.21e-18	81.3
0_243	0_344	30.374	214	132	7	31	239	25	226	1.13e-15	70.1
0_243	0_328	23.707	232	157	5	19	245	458	674	1.17e-11	60.1
0_243	0_328	26.016	123	79	4	135	253	214	328	1.27e-07	47.4
0_243	0_208	24.257	202	134	6	27	226	188	372	5.17e-06	42.4
0_243	0_75	28.421	95	61	2	135	226	989	1079	2.06e-05	40.8
0_244	0_244	100.000	647	0	0	1	647	1	647	0.0	1339
0_245	0_245	100.000	511	0	0	1	511	1	511	0.0	1030
0_246	0_246	100.000	62	0	0	1	62	1	62	1.58e-41	124
0_247	0_247	100.000	367	0	0	1	367	1	367	0.0	770
0_247	0_132	27.451	255	172	4	24	268	1	252	6.82e-28	106
0_247	0_57	26.946	167	107	4	19	172	1	165	1.58e-11	57.0
0_247	0_69	19.545	220	147	6	4	199	14	227	1.46e-10	55.1
0_247	0_324	19.481	231	144	7	3	199	225	447	5.42e-07	45.4
0_248	0_248	100.000	700	0	0	1	700	1	700	0.0	1445
0_249	0_249	100.000	265	0	0	1	265	1	265	0.0	544
0_250	0_250	100.000	113	0	0	1	113	1	113	9.06e-83	232
0_250	0_283	37.179	78	46	3	1	77	1	76	1.81e-08	45.1
0_251	0_251	100.000	164	0	0	1	164	1	164	4.06e-113	313
0_252	0_252	100.000	954	0	0	1	954	1	954	0.0	1949
0_253	0_253	100.000	232	0	0	1	232	1	232	4.54e-173	470
0_253	0_192	30.043	233	141	4	13	227	3	231	9.87e-29	104
0_254	0_254	100.000	598	0	0	1	598	1	598	0.0	1244
0_255	0_255	100.000	272	0	0	1	272	1	272	0.0	565
0_256	0_256	100.000	276	0	0	1	276	1	276	0.0	578
0_256	0_368	25.118	211	145	4	72	271	34	242	4.20e-15	68.2
0_257	0_257	100.000	496	0	0	1	496	1	496	0.0	997
0_258	0_258	100.000	1660	0	0	1	1660	1	1660	0.0	3476
0_259	0_259	100.000	258	0	0	1	258	1	258	0.0	531
0_259	0_204	35.583	326	128	6	9	256	12	333	5.13e-55	176
0_259	0_269	45.860	157	80	2	89	241	158	313	7.99e-39	133
0_259	0_269	33.750	80	51	2	14	92	8	86	2.27e-07	45.4
0_259	0_5	29.834	181	87	8	84	258	179	325	6.84e-11	56.2
0_259	0_5	30.392	102	61	3	25	116	38	139	3.32e-04	35.8
0_259	0_125	24.390	164	105	4	84	232	227	386	1.27e-06	43.1
0_259	0_289	25.000	148	94	3	102	232	187	334	5.87e-06	41.2
0_260	0_260	100.000	321	0	0	1	321	1	321	0.0	662
0_260	0_192	31.646	79	45	3	59	132	52	126	7.37e-05	38.1
0_261	0_261	100.000	685	0	0	1	685	1	685	0.0	1424
0_262	0_262	100.000	198	0	0	1	198	1	198	1.30e-151	413
0_263	0_263	100.000	324	0	0	1	324	1	324	0.0	664
0_264	0_264	100.000	535	0	0	1	535	1	535	0.0	1065
0_265	0_265	100.000	868	0	0	1	868	1	868	0.0	1814
0_266	0_266	100.000	125	0	0	1	125	1	125	1.27e-87	245
0_267	0_267	100.000	540	0	0	1	540	1	540	0.0	1128
0_268	0_268	100.000	483	0	0	1	483	1	483	0.0	1007
0_268	0_146	31.034	58	38	1	205	262	356	411	3.60e-04	37.4
0_269	0_269	100.000	352	0	0	1	352	1	352	0.0	734
0_269	0_204	44.981	269	144	3	37	302	43	310	2.33e-80	244
0_269	0_259	45.860	157	80	2	158	313	89	241	8.03e-39	134
0_269	0_259	33.750	80	51	2	8	86	14	92	2.98e-07	45.4
0_269	0_121	35.714	168	100	6	20	183	26	189	7.83e-22	86.3
0_269	0_125	27.174	276	178	9	47	304	120	390	2.65e-20	86.3
0_269	0_5	26.022	269	172	8	39	301	60	307	6.00e-18	78.6
0_269	0_289	23.851	348	230	13	31	349	46	387	4.94e-15	70.1
0_269	0_191	24.607	191	118	3	98	288	21	185	2.33e-10	54.7
0_269	0_292	29.592	98	64	2	125	220	2	96	1.78e-07	44.3
0_269	0_381	27.273	77	41	2	249	323	32	95	7.39e-04	34.3
0_270	0_270	100.000	607	0	0	1	607	1	607	0.0	1274
0_271	0_271	100.000	127	0	0	1	127	1	127	2.41e-93	260
0_271	0_329	98.425	127	2	0	1	127	1	127	2.24e-92	257
0_271	0_98	53.435	131	56	3	1	127	1	130	1.04e-43	134
0_271	0_43	50.000	126	57	3	1	121	1	125	4.47e-36	115
0_271	0_142	49.206	126	58	3	1	121	1	125	3.59e-35	113
0_271	0_77	54.386	114	47	4	10	123	6	114	1.21e-34	111
0_271	0_55	47.200	125	60	3	1	120	1	124	1.05e-32	107
0_271	0_197	45.946	111	54	4	1	106	1	110	6.60e-27	92.4
0_271	0_309	43.750	128	66	3	1	123	1	127	5.29e-26	89.7
0_271	0_21	43.636	110	53	5	1	102	1	109	2.42e-24	85.5
0_271	0_35	44.545	110	52	5	1	102	1	109	8.05e-24	84.3
0_271	0_37	42.857	112	55	5	1	104	1	111	1.11e-23	84.7
0_271	0_291	42.063	126	64	6	1	121	1	122	1.26e-23	83.6
0_271	0_11	37.795	127	65	5	1	121	1	119	2.63e-20	75.1
0_271	0_376	41.739	115	42	4	1	112	1	93	8.11e-20	73.2
0_272	0_272	100.000	776	0	0	1	776	1	776	0.0	1579
0_273	0_273	100.000	644	0	0	1	644	1	644	0.0	1351
0_274	0_274	100.000	456	0	0	1	456	1	456	0.0	946
0_275	0_275	100.000	984	0	0	1	984	1	984	0.0	2012
0_276	0_276	100.000	186	0	0	1	186	1	186	9.63e-136	372
0_276	0_99	33.333	108	71	1	46	153	56	162	2.16e-10	53.1
0_276	0_99	37.179	78	48	1	45	122	77	153	7.65e-07	42.7
0_276	0_144	29.333	150	92	7	39	182	113	254	1.07e-04	36.2
0_277	0_277	100.000	172	0	0	1	172	1	172	3.78e-130	357
0_277	0_201	99.412	170	1	0	3	172	348	517	1.65e-123	352
0_278	0_278	100.000	346	0	0	1	346	1	346	0.0	709
0_279	0_279	100.000	582	0	0	1	582	1	582	0.0	1203
0_280	0_280	100.000	157	0	0	1	157	1	157	8.24e-115	317
0_280	0_171	47.826	69	36	0	87	155	775	843	8.52e-15	65.1
0_280	0_300	30.070	143	75	3	5	145	151	270	1.54e-13	60.8
0_280	0_236	50.909	55	25	1	89	143	337	389	8.20e-12	56.6
0_280	0_214	24.490	147	95	4	2	132	452	598	5.10e-07	42.7
0_281	0_281	100.000	416	0	0	1	416	1	416	0.0	862
0_281	0_148	32.180	289	185	4	6	293	371	649	7.99e-48	169
0_281	0_148	32.283	254	170	2	3	255	396	648	3.52e-40	147
0_281	0_148	28.912	294	195	6	10	299	316	599	4.81e-36	135
0_281	0_148	34.031	191	121	5	2	190	452	639	6.28e-31	120
0_281	0_148	28.571	217	139	6	86	296	276	482	1.25e-14	70.1
0_281	0_148	30.357	56	39	0	2	57	594	649	7.46e-06	42.4
0_281	0_334	34.866	261	159	6	7	260	238	494	4.37e-45	160
0_281	0_334	29.199	387	227	10	12	354	183	566	5.47e-41	148
0_281	0_334	33.684	190	122	4	2	190	294	480	2.46e-30	117
0_281	0_334	32.624	141	95	0	1	141	349	489	2.36e-20	87.8
0_281	0_334	25.091	275	150	12	40	299	94	327	9.62e-10	54.7
0_281	0_334	39.655	58	35	0	4	61	437	494	7.38e-07	45.4
0_281	0_67	29.185	233	147	4	23	255	113	327	2.84e-29	112
0_281	0_67	34.426	183	105	3	1	170	147	327	7.24e-29	111
0_281	0_67	27.715	267	167	5	80	331	113	368	1.21e-28	111
0_281	0_168	23.164	354	199	12	11	296	370	718	4.36e-14	68.6
0_281	0_168	22.442	303	190	10	10	296	282	555	3.47e-12	62.8
0_281	0_168	22.846	267	178	8	11	255	183	443	2.68e-11	59.7
0_281	0_168	22.397	317	174	13	31	296	152	447	6.89e-07	45.8
0_281	0_168	22.667	225	141	7	5	199	655	876	4.12e-05	40.0
0_281	0_175	28.571	119	71	3	125	229	46	164	5.16e-05	38.5
0_281	0_175	24.409	127	75	4	67	175	44	167	1.83e-04	36.6
0_282	0_282	100.000	438	0	0	1	438	1	438	0.0	925
0_282	0_143	51.208	207	75	3	84	267	171	374	1.75e-64	214
0_283	0_283	100.000	259	0	0	1	259	1	259	0.0	541
0_283	0_324	27.407	270	172	10	1	259	27	283	2.38e-15	69.7
0_283	0_250	37.179	78	46	3	1	76	1	77	4.14e-08	45.1
0_283	0_69	35.294	51	28	1	190	240	1	46	1.97e-05	38.9
0_284	0_284	100.000	467	0	0	1	467	1	467	0.0	971
0_285	0_285	100.000	73	0	0	1	73	1	73	6.73e-52	151
0_286	0_286	100.000	469	0	0	1	469	1	469	0.0	972
0_287	0_287	100.000	204	0	0	1	204	1	204	4.97e-154	419
0_288	0_288	100.000	135	0	0	1	135	1	135	3.85e-101	280
0_288	0_107	28.723	94	55	3	6	96	57	141	6.21e-05	35.8
0_288	0_171	30.769	78	41	3	31	104	184	252	1.12e-04	35.4
0_289	0_289	100.000	401	0	0	1	401	1	401	0.0	841
0_289	0_5	38.480	408	204	8	1	398	1	371	7.58e-87	263
0_289	0_125	38.000	400	220	8	17	395	70	462	8.63e-80	248
0_289	0_191	36.889	225	99	2	98	322	4	185	5.85e-41	140
0_289	0_292	45.528	123	65	1	144	266	4	124	5.63e-30	107
0_289	0_204	21.317	319	218	8	50	363	40	330	8.06e-17	75.5
0_289	0_269	24.415	299	195	11	46	338	31	304	3.04e-14	67.8
0_289	0_347	28.767	146	86	2	254	398	4	132	7.86e-14	64.3
0_289	0_381	37.079	89	40	3	254	340	2	76	5.25e-12	58.2
0_289	0_259	25.000	148	94	3	187	334	102	232	8.19e-06	41.2
0_290	0_290	100.000	311	0	0	1	311	1	311	0.0	634
0_291	0_291	100.000	127	0	0	1	127	1	127	8.90e-93	258
0_291	0_35	60.305	131	47	2	1	126	1	131	3.87e-48	145
0_291	0_21	58.015	131	50	2	1	126	1	131	5.14e-46	140
0_291	0_37	58.400	125	47	2	1	120	1	125	3.31e-43	134
0_291	0_376	51.562	128	39	2	1	127	1	106	2.26e-39	123
0_291	0_43	56.154	130	54	3	1	127	1	130	9.07e-38	119
0_291	0_142	55.385	130	55	3	1	127	1	130	5.80e-37	117
0_291	0_55	46.923	130	65	4	1	127	1	129	2.55e-28	95.9
0_291	0_98	45.370	108	55	3	1	106	1	106	3.48e-26	90.5
0_291	0_329	43.651	126	62	6	1	122	1	121	1.58e-24	85.9
0_291	0_197	43.846	130	67	6	1	126	1	128	2.44e-24	85.9
0_291	0_271	42.063	126	64	6	1	122	1	121	1.26e-23	83.6
0_291	0_309	44.000	125	67	3	1	122	1	125	4.66e-22	79.7
0_291	0_11	36.697	109	59	4	1	106	1	102	1.20e-18	70.9
0_291	0_77	38.843	121	67	5	8	126	1	116	6.01e-18	68.9
0_292	0_292	100.000	130	0	0	1	130	1	130	9.98e-97	268
0_292	0_125	54.264	129	58	1	1	129	195	322	1.65e-47	153
0_292	0_289	45.528	123	65	1	4	124	144	266	1.83e-30	107
0_292	0_191	57.692	78	33	0	2	79	48	125	1.22e-25	92.0
0_292	0_5	35.156	128	51	1	2	129	148	243	6.95e-22	84.0
0_292	0_269	29.592	98	64	2	2	96	125	220	5.36e-08	44.7
0_292	0_204	26.437	87	63	1	1	86	130	216	1.20e-07	43.5
0_293	0_293	100.000	107	0	0	1	107	1	107	9.56e-78	219
0_293	0_295	27.586	87	52	2	12	88	6	91	6.42e-05	35.0
0_294	0_294	100.000	3453	0	0	1	3453	1	3453	0.0	7135
0_294	0_112	95.511	3453	155	0	1	3453	806	4258	0.0	6797
0_294	0_358	34.119	1442	897	15	732	2129	7	1439	0.0	850
0_294	0_135	39.105	849	500	7	397	1235	88	929	0.0	627
0_295	0_295	100.000	308	0	0	1	308	1	308	0.0	634
0_295	0_150	30.769	91	55	4	1	90	1	84	2.04e-05	38.1
0_295	0_293	27.586	87	52	2	6	91	12	88	1.85e-04	35.0
0_296	0_296	100.000	568	0	0	1	568	1	568	0.0	1164
0_297	0_297	100.000	206	0	0	1	206	1	206	3.78e-147	402
0_298	0_298	100.000	505	0	0	1	505	1	505	0.0	1010
0_299	0_299	100.000	482	0	0	1	482	1	482	0.0	1004
0_300	0_300	100.000	281	0	0	1	281	1	281	0.0	578
0_300	0_214	37.910	335	138	10	1	269	278	608	7.29e-58	190
0_300	0_280	30.070	143	75	3	151	270	5	145	2.76e-13	60.8
0_300	0_171	45.763	59	32	0	216	274	779	837	3.44e-12	60.8
0_300	0_171	23.656	186	108	5	5	166	510	685	1.41e-04	37.4
0_300	0_236	34.783	69	43	1	200	268	323	389	1.59e-08	49.3
0_301	0_301	100.000	119	0	0	1	119	1	119	1.27e-86	242
0_301	0_115	96.429	112	4	0	8	119	314	425	1.13e-76	228
0_302	0_302	100.000	786	0	0	1	786	1	786	0.0	1623
0_303	0_303	100.000	168	0	0	1	168	1	168	7.20e-127	348
0_304	0_304	100.000	430	0	0	1	430	1	430	0.0	880
0_305	0_305	100.000	468	0	0	1	468	1	468	0.0	952
0_306	0_306	100.000	566	0	0	1	566	1	566	0.0	1179
0_307	0_307	100.000	283	0	0	1	283	1	283	0.0	594
0_308	0_308	100.000	319	0	0	1	319	1	319	0.0	659
0_309	0_309	100.000	129	0	0	1	129	1	129	1.91e-96	268
0_309	0_55	70.312	128	38	0	1	128	1	128	1.59e-66	192
0_309	0_43	52.000	125	60	0	1	125	1	125	3.01e-42	131
0_309	0_142	52.000	125	60	0	1	125	1	125	3.48e-41	128
0_309	0_271	46.875	128	62	3	1	127	1	123	3.38e-33	108
0_309	0_329	46.094	128	63	3	1	127	1	123	8.26e-33	107
0_309	0_98	40.152	132	74	3	1	129	1	130	2.79e-32	105
0_309	0_11	48.062	129	59	2	1	128	1	122	5.00e-31	102
0_309	0_291	44.000	125	67	3	1	125	1	122	1.54e-28	96.3
0_309	0_197	42.241	116	65	2	1	115	1	115	7.00e-27	92.4
0_309	0_376	42.400	125	48	3	1	125	1	101	1.00e-26	90.9
0_309	0_35	41.045	134	72	5	1	129	1	132	1.16e-24	86.7
0_309	0_21	39.552	134	74	5	1	129	1	132	2.14e-23	83.2
0_309	0_37	39.516	124	69	4	1	120	1	122	8.09e-23	82.8
0_309	0_77	40.000	120	66	3	8	127	1	114	4.17e-22	79.7
0_310	0_310	100.000	623	0	0	1	623	1	623	0.0	1296
0_311	0_311	100.000	551	0	0	1	551	1	551	0.0	1145
0_311	0_75	25.767	163	101	7	209	357	565	721	7.26e-06	43.1
0_311	0_75	28.226	124	77	6	136	247	582	705	1.06e-04	39.3
0_311	0_75	24.747	198	133	8	211	393	255	451	4.30e-04	37.4
0_312	0_312	100.000	248	0	0	1	248	1	248	0.0	518
0_313	0_313	100.000	504	0	0	1	504	1	504	0.0	1027
0_314	0_314	100.000	115	0	0	1	115	1	115	8.98e-84	234
0_315	0_315	100.000	655	0	0	1	655	1	655	0.0	1358
0_316	0_316	100.000	1044	0	0	1	1044	1	1044	0.0	2152
0_316	0_148	21.488	242	165	7	681	914	317	541	2.86e-06	45.4
0_316	0_334	21.805	266	150	11	682	908	244	490	5.41e-04	38.1
0_317	0_317	100.000	410	0	0	1	410	1	410	0.0	851
0_318	0_318	100.000	543	0	0	1	543	1	543	0.0	1086
0_319	0_319	100.000	300	0	0	1	300	1	300	0.0	623
0_320	0_320	100.000	115	0	0	1	115	1	115	2.29e-82	231
0_320	0_148	33.871	62	33	3	8	68	604	658	4.79e-04	32.7
0_320	0_334	27.119	59	36	2	8	66	445	496	7.89e-04	32.3
0_321	0_321	100.000	155	0	0	1	155	1	155	2.96e-112	310
0_322	0_322	100.000	338	0	0	1	338	1	338	0.0	702
0_323	0_323	100.000	493	0	0	1	493	1	493	0.0	1022
0_324	0_324	100.000	514	0	0	1	514	1	514	0.0	1078
0_324	0_69	39.749	239	130	7	213	448	1	228	2.97e-51	169
0_324	0_159	46.721	122	64	1	291	411	8	129	9.60e-35	123
0_324	0_283	27.407	270	172	10	27	283	1	259	4.72e-15	69.7
0_324	0_132	25.175	143	90	4	246	376	1	138	3.75e-08	49.7
0_324	0_247	19.481	231	144	7	225	447	3	199	7.59e-07	45.4
0_324	0_57	31.081	74	41	3	242	312	2	68	2.97e-05	39.3
0_325	0_325	100.000	176	0	0	1	176	1	176	3.44e-131	359
0_326	0_326	100.000	408	0	0	1	408	1	408	0.0	844
0_326	0_68	36.550	342	202	6	48	378	26	363	3.60e-76	238
0_326	0_154	33.234	334	194	8	84	395	69	395	6.02e-57	187
0_326	0_23	31.624	351	216	9	48	378	23	369	2.44e-42	148
0_327	0_327	100.000	273	0	0	1	273	1	273	0.0	569
0_328	0_328	100.000	778	0	0	1	778	1	778	0.0	1619
0_328	0_344	29.577	213	136	7	105	310	18	223	2.69e-20	85.1
0_328	0_344	28.169	213	128	8	462	660	17	218	2.00e-18	79.7
0_328	0_208	25.769	260	174	7	415	664	132	382	1.03e-16	77.8
0_328	0_208	25.112	223	149	7	88	305	169	378	6.40e-15	72.0
0_328	0_213	24.731	279	172	9	81	334	239	504	3.76e-16	76.6
0_328	0_213	25.294	340	175	13	459	731	252	579	1.33e-12	65.1
0_328	0_243	23.707	232	157	5	458	674	19	245	2.25e-11	60.5
0_328	0_243	26.016	123	79	4	214	328	135	253	2.95e-07	47.4
0_328	0_75	24.155	207	127	8	571	763	996	1186	1.21e-08	52.8
0_328	0_75	20.670	179	130	5	207	373	982	1160	7.26e-08	50.4
0_329	0_329	100.000	127	0	0	1	127	1	127	1.73e-93	260
0_329	0_271	98.425	127	2	0	1	127	1	127	2.24e-92	257
0_329	0_98	52.672	131	57	3	1	127	1	130	2.21e-43	134
0_329	0_43	50.000	126	57	3	1	121	1	125	7.22e-36	115
0_329	0_142	49.206	126	58	3	1	121	1	125	5.09e-35	112
0_329	0_77	53.509	114	48	4	10	123	6	114	3.46e-34	110
0_329	0_55	46.400	125	61	3	1	120	1	124	6.66e-32	104
0_329	0_197	45.045	111	55	4	1	106	1	110	1.55e-26	91.7
0_329	0_309	43.750	128	66	3	1	123	1	127	5.07e-26	89.7
0_329	0_21	44.545	110	52	5	1	102	1	109	5.59e-25	87.4
0_329	0_291	43.651	126	62	6	1	121	1	122	1.58e-24	85.9
0_329	0_35	45.455	110	51	5	1	102	1	109	1.75e-24	85.9
0_329	0_37	43.750	112	54	5	1	104	1	111	2.92e-24	86.3
0_329	0_376	42.609	115	41	4	1	112	1	93	2.44e-20	74.7
0_329	0_11	37.008	127	66	5	1	121	1	119	9.20e-20	73.6
0_330	0_330	100.000	371	0	0	1	371	1	371	0.0	757
0_330	0_72	89.091	165	8	1	112	276	1	155	4.99e-103	295
0_330	0_158	43.716	183	93	3	189	365	279	457	1.11e-36	133
0_331	0_331	100.000	423	0	0	1	423	1	423	0.0	870
0_331	0_210	48.000	50	26	0	293	342	245	294	2.32e-11	59.7
0_332	0_332	100.000	548	0	0	1	548	1	548	0.0	1108
0_333	0_333	100.000	341	0	0	1	341	1	341	0.0	708
0_333	0_70	28.125	256	142	12	117	337	77	325	2.41e-17	76.3
0_334	0_334	100.000	655	0	0	1	655	1	655	0.0	1364
0_334	0_148	31.988	347	215	7	152	490	316	649	6.67e-52	187
0_334	0_148	30.745	322	176	12	87	404	370	648	5.65e-36	139
0_334	0_148	29.333	225	153	3	273	491	284	508	2.40e-26	108
0_334	0_281	34.866	261	159	6	238	494	7	260	4.54e-45	160
0_334	0_281	33.684	190	122	4	294	480	2	190	3.33e-30	118
0_334	0_281	28.254	315	180	10	92	384	10	300	4.61e-27	108
0_334	0_281	32.624	141	95	0	349	489	1	141	3.07e-20	88.2
0_334	0_281	39.655	58	35	0	437	494	4	61	1.15e-06	45.4
0_334	0_67	33.171	205	127	3	242	437	128	331	9.80e-38	140
0_334	0_67	34.597	211	118	4	178	376	125	327	5.09e-34	129
0_334	0_67	27.243	301	190	6	302	574	128	427	1.67e-29	116
0_334	0_67	34.043	188	114	5	152	339	169	346	9.31e-25	102
0_334	0_168	25.495	404	239	12	93	465	183	555	4.18e-22	95.9
0_334	0_168	22.940	449	265	18	89	465	279	718	2.36e-17	80.5
0_334	0_168	25.926	270	177	8	244	495	184	448	9.17e-17	78.6
0_334	0_168	22.222	432	234	16	152	501	282	693	1.51e-12	65.1
0_334	0_168	22.222	261	154	9	182	405	629	877	8.72e-04	36.6
0_334	0_175	31.667	120	69	3	183	292	46	162	7.28e-09	50.4
0_334	0_175	27.692	130	79	3	349	463	35	164	1.29e-07	47.0
0_334	0_175	40.741	54	31	1	443	495	44	97	1.19e-05	40.8
0_334	0_175	26.400	125	76	5	302	410	44	168	3.13e-05	39.7
0_334	0_316	21.805	266	150	11	244	490	682	908	2.03e-04	38.5
0_335	0_335	100.000	433	0	0	1	433	1	433	0.0	897
0_336	0_336	100.000	522	0	0	1	522	1	522	0.0	1082
0_337	0_337	100.000	192	0	0	1	192	1	192	3.53e-143	391
0_338	0_338	100.000	241	0	0	1	241	1	241	0.0	494
0_339	0_339	100.000	239	0	0	1	239	1	239	0.0	493
0_340	0_340	100.000	667	0	0	1	667	1	667	0.0	1358
0_341	0_341	100.000	287	0	0	1	287	1	287	0.0	590
0_341	0_15	49.697	165	50	3	1	165	1	132	4.84e-45	151
0_341	0_15	50.442	113	35	2	167	279	86	177	2.68e-22	90.1
0_341	0_62	57.018	114	46	2	1	113	1	112	9.10e-39	133
0_341	0_62	42.424	99	42	4	189	283	92	179	5.60e-14	65.5
0_342	0_342	100.000	485	0	0	1	485	1	485	0.0	983
0_342	0_151	91.096	146	13	0	340	485	1	146	3.99e-91	269
0_342	0_22	22.826	460	313	17	38	480	31	465	2.01e-17	79.0
0_343	0_343	100.000	509	0	0	1	509	1	509	0.0	1054
0_344	0_344	100.000	232	0	0	1	232	1	232	2.17e-180	488
0_344	0_213	26.923	234	134	6	17	222	255	479	6.62e-22	88.2
0_344	0_328	29.577	213	136	7	18	223	105	310	6.33e-21	85.5
0_344	0_328	28.169	213	128	8	17	218	462	660	4.41e-19	80.1
0_344	0_208	29.126	206	125	9	20	218	187	378	3.78e-16	71.2
0_344	0_243	30.374	214	132	7	25	226	31	239	7.50e-16	70.1
0_344	0_75	25.191	131	79	5	106	224	968	1091	9.25e-08	46.6
0_345	0_345	100.000	133	0	0	1	133	1	133	4.69e-98	272
0_346	0_346	100.000	356	0	0	1	356	1	356	0.0	731
0_346	0_212	100.000	339	0	0	1	339	1	339	0.0	694
0_347	0_347	100.000	187	0	0	1	187	1	187	6.34e-142	387
0_347	0_125	38.037	163	65	4	2	130	303	463	4.13e-31	112
0_347	0_381	39.073	151	67	5	4	132	2	149	1.59e-29	101
0_347	0_5	35.135	148	77	4	3	132	225	371	6.09e-18	75.1
0_347	0_191	37.008	127	57	4	10	131	124	232	2.01e-16	69.3
0_347	0_289	28.767	146	86	2	4	132	254	398	3.66e-14	64.3
0_348	0_348	100.000	653	0	0	1	653	1	653	0.0	1333
0_349	0_349	100.000	123	0	0	1	123	1	123	3.98e-89	249
0_350	0_350	100.000	209	0	0	1	209	1	209	7.94e-156	424
0_351	0_351	100.000	178	0	0	1	178	1	178	4.84e-136	372
0_352	0_352	100.000	739	0	0	1	739	1	739	0.0	1549
0_353	0_353	100.000	263	0	0	1	263	1	263	0.0	543
0_354	0_354	100.000	124	0	0	1	124	1	124	3.47e-94	262
0_355	0_355	100.000	170	0	0	1	170	1	170	4.95e-127	348
0_355	0_238	54.545	132	60	0	2	133	132	263	1.54e-47	150
0_356	0_356	100.000	276	0	0	1	276	1	276	0.0	565
0_356	0_114	62.385	109	39	2	10	117	62	169	5.35e-39	136
0_356	0_114	29.592	98	68	1	141	237	340	437	7.85e-07	44.3
0_356	0_93	57.746	71	22	2	11	78	6	71	8.70e-20	76.3
0_357	0_357	100.000	2787	0	0	1	2787	1	2787	0.0	5842
0_358	0_358	100.000	1454	0	0	1	1454	1	1454	0.0	3024
0_358	0_112	33.904	1460	874	22	8	1439	1538	2934	0.0	845
0_358	0_294	33.978	1448	889	18	8	1439	733	2129	0.0	834
0_358	0_135	49.503	503	247	4	4	505	420	916	1.19e-156	494
0_359	0_359	100.000	296	0	0	1	296	1	296	0.0	618
0_360	0_360	100.000	220	0	0	1	220	1	220	1.10e-167	455
0_361	0_361	100.000	516	0	0	1	516	1	516	0.0	1077
0_362	0_362	100.000	1862	0	0	1	1862	1	1862	0.0	3881
0_363	0_363	100.000	239	0	0	1	239	1	239	0.0	490
0_364	0_364	100.000	469	0	0	1	469	1	469	0.0	974
0_365	0_365	100.000	616	0	0	1	616	1	616	0.0	1261
0_366	0_366	100.000	467	0	0	1	467	1	467	0.0	950
0_366	0_239	40.094	424	245	3	30	444	83	506	2.87e-110	330
0_367	0_367	100.000	313	0	0	1	313	1	313	0.0	657
0_368	0_368	100.000	262	0	0	1	262	1	262	0.0	544
0_368	0_256	25.118	211	145	4	34	242	72	271	3.99e-15	68.2
0_369	0_369	100.000	247	0	0	1	247	1	247	0.0	496
0_370	0_370	100.000	1209	0	0	1	1209	1	1209	0.0	2504
0_371	0_371	100.000	401	0	0	1	401	1	401	0.0	828
0_371	0_140	33.729	421	244	6	8	394	165	584	2.44e-66	218
0_372	0_372	100.000	268	0	0	1	268	1	268	0.0	558
0_373	0_373	100.000	361	0	0	1	361	1	361	0.0	753
0_373	0_169	81.040	327	60	2	10	335	1	326	0.0	550
0_373	0_236	48.438	64	28	3	284	345	374	434	1.29e-08	50.4
0_374	0_374	100.000	255	0	0	1	255	1	255	0.0	497
0_375	0_375	100.000	779	0	0	1	779	1	779	0.0	1599
0_376	0_376	100.000	106	0	0	1	106	1	106	1.26e-77	218
0_376	0_21	51.145	131	38	3	1	105	1	131	5.82e-40	124
0_376	0_291	51.562	128	39	2	1	106	1	127	1.88e-39	123
0_376	0_35	50.382	131	39	2	1	105	1	131	3.35e-39	122
0_376	0_43	56.154	130	33	3	1	106	1	130	8.76e-38	119
0_376	0_142	54.615	130	35	3	1	106	1	130	1.01e-36	116
0_376	0_37	48.800	125	38	2	1	99	1	125	2.03e-34	111
0_376	0_55	47.692	130	43	4	1	106	1	129	2.48e-32	105
0_376	0_98	43.396	106	39	2	1	85	1	106	2.16e-25	87.4
0_376	0_197	36.434	129	57	4	1	105	1	128	3.85e-22	79.7
0_376	0_309	42.400	125	48	3	1	101	1	125	1.43e-20	75.1
0_376	0_329	42.609	115	41	4	1	93	1	112	2.04e-20	74.7
0_376	0_271	41.739	115	42	4	1	93	1	112	6.77e-20	73.2
0_376	0_77	37.607	117	53	4	8	105	1	116	5.01e-16	63.2
0_376	0_11	33.846	130	55	3	1	106	1	123	9.13e-16	62.8
0_377	0_377	100.000	193	0	0	1	193	1	193	3.91e-134	368
0_378	0_378	100.000	536	0	0	1	536	1	536	0.0	1074
0_379	0_379	100.000	329	0	0	1	329	1	329	0.0	666
0_380	0_380	100.000	520	0	0	1	520	1	520	0.0	1077
0_381	0_381	100.000	149	0	0	1	149	1	149	2.69e-114	315
0_381	0_125	57.143	161	54	3	2	148	305	464	4.41e-58	182
0_381	0_347	39.073	151	67	5	2	149	4	132	1.27e-29	101
0_381	0_5	35.185	162	75	5	2	149	226	371	1.59e-20	80.9
0_381	0_289	37.079	89	40	3	2	76	254	340	1.95e-12	58.2
0_381	0_191	59.091	44	16	1	9	52	125	166	7.48e-10	50.1
0_381	0_204	27.500	80	43	2	5	71	232	309	8.55e-06	38.9
0_381	0_269	24.419	86	50	2	9	81	228	311	6.84e-04	33.1
0_382	0_382	100.000	127	0	0	1	127	1	127	1.14e-93	261
0_383	0_383	100.000	729	0	0	1	729	1	729	0.0	1452
0_384	0_384	100.000	370	0	0	1	370	1	370	0.0	759
0_385	0_385	100.000	107	0	0	1	107	1	107	5.73e-77	217
0_386	0_386	100.000	503	0	0	1	503	1	503	0.0	1046
0_386	0_394	23.661	224	142	9	287	486	311	529	3.23e-05	40.8
0_387	0_387	100.000	1185	0	0	1	1185	1	1185	0.0	2454
0_387	0_389	95.428	1028	0	2	1	1028	1	981	0.0	2028
0_387	0_391	94.336	1024	55	1	1	1024	1	1021	0.0	1996
0_387	0_394	84.940	1162	162	3	1	1161	1	1150	0.0	1940
0_387	0_392	84.514	1143	173	2	1	1141	1	1141	0.0	1843
0_387	0_157	33.884	121	74	3	1038	1156	5484	5600	3.42e-04	39.3
0_388	0_388	100.000	583	0	0	1	583	1	583	0.0	1205
0_388	0_390	91.473	387	29	1	196	578	1	387	0.0	734
0_388	0_393	27.835	291	155	9	207	454	15	293	1.57e-31	121
0_389	0_389	100.000	982	0	0	1	982	1	982	0.0	2044
0_389	0_387	95.428	1028	0	2	1	981	1	1028	0.0	2028
0_389	0_391	89.844	1024	54	3	1	977	1	1021	0.0	1845
0_389	0_394	83.333	1026	123	3	1	978	1	1026	0.0	1731
0_389	0_392	81.481	1026	141	3	1	977	1	1026	0.0	1706
0_390	0_390	100.000	388	0	0	1	388	1	388	0.0	801
0_390	0_388	91.473	387	29	1	1	387	196	578	0.0	715
0_390	0_393	27.491	291	160	9	12	263	15	293	6.89e-31	117
0_391	0_391	100.000	1177	0	0	1	1177	1	1177	0.0	2441
0_391	0_387	94.336	1024	55	1	1	1021	1	1024	0.0	2033
0_391	0_389	89.883	1028	54	3	1	1025	1	981	0.0	1905
0_391	0_394	81.724	1160	198	3	1	1156	1	1150	0.0	1858
0_391	0_392	82.121	1141	199	2	1	1136	1	1141	0.0	1779
0_392	0_392	100.000	1141	0	0	1	1141	1	1141	0.0	2378
0_392	0_387	85.283	1026	149	1	1	1026	1	1024	0.0	1825
0_392	0_391	83.041	1026	169	2	1	1026	1	1021	0.0	1729
0_392	0_389	81.553	1030	141	3	1	1030	1	981	0.0	1718
0_392	0_394	77.038	1141	249	3	1	1140	1	1129	0.0	1696
0_393	0_393	100.000	432	0	0	1	432	1	432	0.0	877
0_393	0_388	27.835	291	155	9	15	293	207	454	8.77e-32	122
0_393	0_390	28.309	272	150	8	28	293	31	263	3.21e-31	118
0_394	0_394	100.000	1173	0	0	1	1173	1	1173	0.0	2432
0_394	0_387	87.415	1025	128	1	1	1025	1	1024	0.0	1876
0_394	0_391	84.293	1025	157	2	1	1025	1	1021	0.0	1764
0_394	0_389	83.285	1029	124	3	1	1029	1	981	0.0	1752
0_394	0_392	78.773	1027	215	2	1	1025	1	1026	0.0	1663
0_394	0_386	23.661	224	142	9	311	529	287	486	9.42e-05	40.4
