# cline: mcl /home/cpegueroles/users/cpegueroles/classes/FunctionalAndComparativeGenomics/CFG_2020/session_2/session2/exercise3/set_a/Results_Mar30/WorkingDirectory/OrthoFinder_v2.2.6_graph.txt "-I" "1.5" "-o" "/home/cpegueroles/users/cpegueroles/classes/FunctionalAndComparativeGenomics/CFG_2020/session_2/session2/exercise3/set_a/Results_Mar30/WorkingDirectory/clusters_OrthoFinder_v2.2.6_I1.5.txt" "-te" "1" "-V" "all"
(mclheader
mcltype matrix
dimensions 828x395
)
(mclmatrix
begin
0   11 21 35 43 55 77 98 142 197 271 291 329 376 506 $
1   387 389 391 392 394 825 826 $
2   107 171 485 553 751 782 $
3   125 292 405 406 501 759 $
4   15 62 341 556 587 $
5   69 422 497 680 783 $
6   188 211 231 491 585 $
7   192 253 475 668 719 $
8   321 420 442 627 632 $
9   1 164 438 772 $
10  54 76 418 612 $
11  68 326 522 599 $
12  112 294 700 703 $
13  135 358 617 640 $
14  159 324 409 799 $
15  204 259 472 747 $
16  388 390 823 827 $
17  5 289 673 $
18  28 618 732 $
19  50 550 592 $
20  72 330 697 $
21  74 111 771 $
22  95 489 770 $
23  115 301 665 $
24  120 427 526 $
25  129 565 682 $
26  133 597 804 $
27  134 187 464 $
28  151 342 586 $
29  169 373 753 $
30  180 557 795 $
31  201 277 566 $
32  212 346 525 $
33  214 300 469 $
34  219 504 536 $
35  242 414 573 $
36  261 594 738 $
37  280 404 628 $
38  293 528 571 $
39  295 661 752 $
40  302 570 720 $
41  347 425 575 $
42  451 551 584 $
43  479 480 521 $
44  0 741 $
45  2 493 $
46  3 756 $
47  4 721 $
48  6 591 $
49  7 748 $
50  8 636 $
51  9 508 $
52  10 763 $
53  12 810 $
54  13 477 $
55  14 713 $
56  16 513 $
57  17 750 $
58  18 400 $
59  19 574 $
60  20 507 $
61  22 452 $
62  23 478 $
63  24 786 $
64  25 401 $
65  26 568 $
66  27 465 $
67  29 473 $
68  30 683 $
69  31 610 $
70  32 744 $
71  33 793 $
72  34 801 $
73  36 642 $
74  38 814 $
75  39 593 $
76  40 606 $
77  41 511 $
78  42 518 $
79  44 398 $
80  45 815 $
81  46 519 $
82  47 523 $
83  48 554 $
84  49 761 $
85  51 662 $
86  52 541 $
87  53 395 $
88  56 421 $
89  57 402 $
90  58 704 $
91  59 737 $
92  60 488 $
93  61 470 $
94  63 626 $
95  64 758 $
96  65 797 $
97  66 558 $
98  67 458 $
99  70 495 $
100 71 596 $
101 73 417 $
102 75 820 $
103 78 671 $
104 79 677 $
105 80 446 $
106 81 563 $
107 82 718 $
108 83 542 $
109 84 559 $
110 85 658 $
111 86 496 $
112 87 492 $
113 88 623 $
114 89 647 $
115 90 743 $
116 91 746 $
117 92 413 $
118 94 792 $
119 96 607 $
120 97 639 $
121 99 434 $
122 100 637 $
123 101 688 $
124 102 412 $
125 103 777 $
126 104 546 $
127 105 676 $
128 106 655 $
129 108 487 $
130 109 471 $
131 110 433 $
132 113 579 $
133 116 745 $
134 117 611 $
135 118 552 $
136 119 531 $
137 121 580 $
138 122 791 $
139 123 505 $
140 124 411 $
141 126 646 $
142 127 774 $
143 128 678 $
144 130 768 $
145 131 486 $
146 132 755 $
147 136 818 $
148 137 598 $
149 138 600 $
150 139 429 $
151 140 589 $
152 141 809 $
153 143 725 $
154 144 629 $
155 145 474 $
156 146 674 $
157 147 603 $
158 148 667 $
159 149 764 $
160 150 524 $
161 152 455 $
162 153 728 $
163 154 706 $
164 155 622 $
165 156 545 $
166 157 509 $
167 158 686 $
168 160 684 $
169 161 481 $
170 162 800 $
171 163 620 $
172 165 664 $
173 166 641 $
174 167 484 $
175 168 415 $
176 170 432 $
177 172 754 $
178 173 503 $
179 174 698 $
180 175 663 $
181 176 514 $
182 177 561 $
183 178 775 $
184 179 410 $
185 181 604 $
186 182 431 $
187 183 549 $
188 184 785 $
189 185 548 $
190 186 711 $
191 190 601 $
192 191 436 $
193 193 778 $
194 194 516 $
195 195 693 $
196 196 780 $
197 198 527 $
198 199 459 $
199 200 555 $
200 202 695 $
201 203 578 $
202 205 736 $
203 206 439 $
204 207 399 $
205 208 595 $
206 209 534 $
207 210 817 $
208 213 727 $
209 215 562 $
210 216 807 $
211 217 649 $
212 218 689 $
213 220 466 $
214 221 529 $
215 222 512 $
216 223 740 $
217 224 460 $
218 225 707 $
219 226 602 $
220 227 781 $
221 228 790 $
222 229 435 $
223 230 787 $
224 232 722 $
225 233 659 $
226 234 502 $
227 235 443 $
228 236 648 $
229 237 709 $
230 238 621 $
231 239 608 $
232 240 802 $
233 241 500 $
234 243 690 $
235 244 806 $
236 245 588 $
237 246 679 $
238 247 675 $
239 248 510 $
240 249 616 $
241 250 613 $
242 251 735 $
243 252 694 $
244 254 530 $
245 255 624 $
246 256 685 $
247 257 467 $
248 258 605 $
249 260 445 $
250 262 535 $
251 263 762 $
252 264 794 $
253 265 717 $
254 266 453 $
255 267 468 $
256 268 811 $
257 269 769 $
258 270 821 $
259 272 696 $
260 273 776 $
261 274 631 $
262 275 456 $
263 276 515 $
264 278 572 $
265 279 757 $
266 281 653 $
267 282 547 $
268 283 701 $
269 284 730 $
270 285 403 $
271 286 397 $
272 287 538 $
273 288 583 $
274 290 609 $
275 296 408 $
276 297 444 $
277 298 788 $
278 299 430 $
279 303 657 $
280 304 708 $
281 305 773 $
282 306 784 $
283 307 656 $
284 308 765 $
285 310 581 $
286 311 819 $
287 312 796 $
288 313 645 $
289 314 734 $
290 315 650 $
291 316 630 $
292 317 441 $
293 318 715 $
294 319 540 $
295 320 789 $
296 322 798 $
297 323 482 $
298 325 447 $
299 327 537 $
300 328 544 $
301 331 428 $
302 332 449 $
303 333 634 $
304 334 457 $
305 335 635 $
306 336 699 $
307 337 812 $
308 338 619 $
309 339 567 $
310 340 816 $
311 343 437 $
312 344 494 $
313 345 520 $
314 348 577 $
315 349 490 $
316 350 712 $
317 351 739 $
318 352 614 $
319 353 805 $
320 354 582 $
321 355 532 $
322 357 724 $
323 359 440 $
324 360 543 $
325 361 660 $
326 362 590 $
327 363 498 $
328 364 822 $
329 365 654 $
330 366 672 $
331 367 651 $
332 368 733 $
333 369 652 $
334 370 539 $
335 371 766 $
336 372 564 $
337 374 424 $
338 375 569 $
339 377 461 $
340 378 517 $
341 379 423 $
342 380 615 $
343 381 476 $
344 382 803 $
345 383 723 $
346 384 669 $
347 385 462 $
348 386 644 $
349 393 824 $
350 37 $
351 93 $
352 114 $
353 189 $
354 309 $
355 356 $
356 396 $
357 407 $
358 416 $
359 419 $
360 426 $
361 448 $
362 450 $
363 454 $
364 463 $
365 483 $
366 499 $
367 533 $
368 560 $
369 576 $
370 625 $
371 633 $
372 638 $
373 643 $
374 666 $
375 670 $
376 681 $
377 687 $
378 691 $
379 692 $
380 702 $
381 705 $
382 710 $
383 714 $
384 716 $
385 726 $
386 729 $
387 731 $
388 742 $
389 749 $
390 760 $
391 767 $
392 779 $
393 808 $
394 813 $
)
