2_0	1_24	34.259	540	273	11	7	496	5	512	7.75e-95	307
2_0	1_15	41.971	274	138	2	303	555	1	274	6.69e-76	237
2_0	1_296	25.352	497	275	14	137	550	126	609	3.67e-29	117
2_0	1_148	28.272	191	125	4	237	426	24	203	3.47e-14	70.5
2_0	1_189	56.000	50	22	0	502	551	5	54	2.25e-12	62.8
2_1	1_420	81.269	662	119	4	1	662	1	657	0.0	1117
2_2	1_309	93.843	471	25	2	6	473	1	470	0.0	917
2_3	1_213	82.353	510	88	2	15	523	1	509	0.0	875
2_3	1_277	38.215	437	258	4	85	520	19	444	5.67e-103	312
2_4	1_99	97.151	351	10	0	1	351	17	367	0.0	718
2_4	1_332	24.545	330	198	8	15	303	133	452	1.10e-25	102
2_4	1_149	29.060	234	150	8	7	231	92	318	1.26e-20	87.8
2_4	1_149	26.667	255	158	10	17	257	462	701	6.47e-18	79.7
2_4	1_200	28.947	228	137	11	13	229	179	392	2.04e-16	74.7
2_4	1_295	31.068	206	125	7	25	218	31	231	5.20e-16	72.0
2_4	1_275	27.976	168	103	6	150	304	3	165	5.24e-09	50.4
2_4	1_425	25.180	139	85	5	106	232	1003	1134	3.55e-07	46.6
2_5	1_274	90.296	371	35	1	1	371	1	370	0.0	682
2_6	1_75	72.250	400	106	4	12	410	16	411	0.0	609
2_7	1_234	70.933	375	96	3	1	364	1	373	0.0	527
2_8	1_407	89.005	573	57	3	1	567	1	573	0.0	1071
2_10	1_284	85.075	67	10	0	167	233	1	67	9.96e-37	119
2_11	1_251	78.125	576	95	7	7	571	8	563	0.0	913
2_12	1_38	73.971	680	96	14	1	616	1	663	0.0	899
2_13	1_26	76.706	2447	538	19	635	3063	2	2434	0.0	3536
2_15	1_254	92.933	283	20	0	1	283	24	306	0.0	554
2_16	1_184	60.305	131	46	2	1	127	65	193	2.44e-43	136
2_17	1_48	87.156	654	83	1	53	705	25	678	0.0	1195
2_18	1_216	78.158	760	161	3	1	755	1	760	0.0	1205
2_19	1_427	86.864	472	45	7	1	458	1	469	0.0	791
2_20	1_26	76.706	2447	538	19	635	3063	2	2434	0.0	3534
2_21	1_253	29.796	245	148	5	148	368	497	741	2.20e-27	108
2_21	1_253	24.615	195	89	4	5	141	189	383	6.97e-13	64.7
2_21	1_233	30.472	233	132	9	140	366	405	613	3.47e-15	71.6
2_21	1_9	30.472	233	132	9	140	366	535	743	4.81e-15	71.2
2_21	1_165	27.273	209	118	5	148	322	769	977	2.76e-12	62.8
2_21	1_165	25.381	197	89	4	2	140	454	650	6.29e-12	61.6
2_21	1_56	26.455	189	122	4	172	358	39	212	8.16e-12	58.9
2_21	1_74	26.596	188	107	4	172	357	504	662	3.83e-11	58.9
2_21	1_156	27.717	184	113	5	172	352	320	486	2.13e-10	56.6
2_21	1_118	38.571	70	42	1	1	70	253	321	7.30e-10	55.1
2_21	1_90	26.923	234	131	11	146	369	579	782	1.24e-09	54.3
2_21	1_90	38.182	55	34	0	1	55	305	359	4.39e-06	43.1
2_21	1_188	30.337	178	80	5	9	146	275	448	3.62e-09	52.8
2_21	1_158	38.095	84	46	4	289	369	618	698	9.96e-09	51.6
2_21	1_158	40.741	54	32	0	1	54	231	284	1.45e-07	47.8
2_21	1_315	29.730	148	91	6	143	281	857	1000	1.23e-08	51.2
2_21	1_315	41.818	55	31	1	9	63	551	604	3.67e-05	40.4
2_21	1_337	31.818	66	45	0	1	66	1263	1328	1.19e-07	48.5
2_21	1_357	33.333	54	36	0	1	54	986	1039	1.31e-06	45.1
2_21	1_356	38.182	55	34	0	1	55	354	408	4.43e-06	43.1
2_21	1_387	38.182	55	34	0	1	55	296	350	4.59e-06	42.7
2_21	1_68	58.065	31	13	0	304	334	254	284	4.57e-05	39.3
2_21	1_5	35.185	54	35	0	287	340	603	656	1.58e-04	38.1
2_21	1_189	39.623	53	30	2	289	340	3	54	6.11e-04	35.8
2_22	1_36	88.557	201	21	2	8	207	1	200	5.43e-120	334
2_22	1_116	50.704	71	33	1	80	148	123	193	2.79e-14	64.3
2_22	1_22	49.180	61	31	0	84	144	72	132	1.05e-13	63.5
2_22	1_34	40.476	84	46	2	70	149	45	128	6.80e-12	58.2
2_24	1_0	97.922	385	8	0	1	385	1	385	0.0	792
2_24	1_385	23.897	272	160	6	23	285	243	476	5.00e-16	74.7
2_24	1_385	31.818	110	65	4	284	385	546	653	2.75e-07	47.4
2_25	1_130	98.315	356	6	0	1	356	1	356	0.0	722
2_26	1_239	85.924	341	48	0	1	341	1	341	0.0	625
2_26	1_100	29.960	247	135	11	124	337	96	337	3.86e-20	84.7
2_27	1_363	82.540	315	55	0	1	315	1	315	0.0	553
2_28	1_209	31.579	323	203	8	5	320	5	316	1.94e-47	157
2_29	1_300	69.074	1274	266	38	1	1204	1	1216	0.0	1482
2_29	1_70	44.922	256	134	5	947	1200	173	423	3.01e-64	219
2_29	1_91	38.023	263	145	9	946	1202	51	301	3.33e-42	152
2_29	1_369	32.883	222	135	9	991	1201	206	424	3.41e-23	98.6
2_30	1_71	84.839	310	46	1	1	310	27	335	0.0	534
2_31	1_108	81.501	773	131	6	24	788	31	799	0.0	1285
2_32	1_153	85.821	402	56	1	1	401	1	402	0.0	735
2_33	1_428	65.986	588	171	4	7	585	33	600	0.0	774
2_33	1_432	64.605	582	179	3	7	585	13	570	0.0	772
2_33	1_429	27.014	422	209	16	239	581	28	429	7.96e-38	140
2_34	1_277	76.293	464	108	2	19	482	2	463	0.0	737
2_34	1_213	37.642	441	260	6	34	462	69	506	2.35e-102	311
2_35	1_279	86.545	929	105	3	1	909	1	929	0.0	1656
2_35	1_416	33.333	60	38	1	356	413	230	289	1.98e-04	39.3
2_35	1_75	22.346	179	115	5	381	547	116	282	3.74e-04	38.5
2_36	1_188	52.408	353	125	4	23	351	58	391	2.88e-119	357
2_36	1_158	29.664	327	192	10	57	355	70	386	7.66e-30	118
2_36	1_158	50.000	58	29	0	423	480	618	675	7.00e-10	55.8
2_36	1_9	30.154	325	183	10	47	340	56	367	1.19e-29	117
2_36	1_9	37.500	56	35	0	425	480	666	721	2.17e-07	47.8
2_36	1_253	28.267	329	196	9	55	358	21	334	6.70e-26	106
2_36	1_253	36.508	63	40	0	425	487	664	726	8.84e-09	52.4
2_36	1_165	26.957	345	201	13	36	345	261	589	3.74e-25	104
2_36	1_165	56.250	32	14	0	425	456	946	977	1.24e-04	39.3
2_36	1_387	28.283	297	169	9	55	335	133	401	1.31e-24	100
2_36	1_90	27.879	330	179	11	55	355	142	441	2.96e-24	101
2_36	1_90	50.000	58	29	0	423	480	702	759	8.41e-10	55.8
2_36	1_356	28.221	326	179	11	57	355	193	490	3.57e-24	100
2_36	1_337	35.185	162	100	2	196	356	1247	1404	8.08e-24	100
2_36	1_357	31.016	187	122	4	168	348	938	1123	2.82e-20	89.4
2_36	1_233	35.000	160	101	2	183	340	79	237	1.02e-19	86.7
2_36	1_233	37.500	56	35	0	425	480	536	591	1.75e-07	48.1
2_36	1_315	25.786	318	190	7	58	339	363	670	4.56e-19	85.5
2_36	1_156	53.731	67	31	0	414	480	412	478	2.90e-17	79.0
2_36	1_156	34.328	67	38	2	34	100	87	147	6.03e-05	40.0
2_36	1_56	52.941	68	31	1	414	480	131	198	3.33e-17	75.5
2_36	1_74	42.105	76	44	0	412	487	583	658	1.90e-16	76.6
2_36	1_74	31.746	189	114	6	168	348	118	299	4.16e-15	72.4
2_36	1_118	27.044	159	105	3	126	284	178	325	9.23e-10	55.5
2_36	1_242	25.731	171	123	3	216	384	5	173	1.02e-09	55.1
2_36	1_5	29.310	116	78	2	230	341	192	307	3.40e-09	53.5
2_36	1_5	39.344	61	36	1	413	472	594	654	1.49e-05	42.0
2_36	1_197	41.509	53	30	1	289	341	291	342	5.02e-07	46.2
2_36	1_68	24.031	129	93	2	342	468	159	284	5.63e-06	42.7
2_36	1_288	26.316	209	130	8	195	390	146	343	8.51e-05	39.7
2_36	1_365	29.293	99	68	2	223	319	148	246	1.87e-04	37.7
2_37	1_430	30.720	625	383	15	12	607	196	799	2.97e-78	265
2_37	1_431	30.080	625	387	15	12	607	202	805	3.86e-76	257
2_38	1_91	37.805	246	143	5	986	1224	60	302	5.22e-42	152
2_38	1_300	35.547	256	134	8	988	1222	968	1213	4.14e-40	157
2_38	1_70	37.255	255	134	9	984	1221	178	423	4.39e-38	144
2_38	1_369	29.825	228	131	10	1012	1218	201	420	3.27e-21	93.6
2_40	1_151	84.252	254	40	0	1	254	55	308	8.01e-167	458
2_40	1_123	31.111	90	54	3	6	87	14	103	3.62e-06	41.6
2_41	1_107	72.917	192	52	0	1	192	3	194	1.31e-103	292
2_42	1_410	73.643	258	68	0	24	281	6	263	7.73e-139	387
2_43	1_190	92.212	642	47	2	1	641	1	640	0.0	1219
2_43	1_96	91.486	646	50	2	1	641	1	646	0.0	1210
2_44	1_259	70.656	610	172	6	1	608	1	605	0.0	885
2_45	1_61	85.772	984	140	0	1	984	1	984	0.0	1763
2_46	1_367	83.642	324	53	0	1	324	1	324	0.0	578
2_47	1_409	31.280	211	121	5	23	228	1	192	3.95e-27	100
2_47	1_202	30.332	211	123	5	23	228	1	192	1.17e-24	94.0
2_47	1_192	34.848	66	43	0	17	82	336	401	1.60e-07	46.2
2_47	1_161	26.804	97	70	1	2	98	184	279	9.62e-06	40.4
2_47	1_161	27.381	84	47	4	1	78	1	76	2.51e-04	36.2
2_47	1_133	30.882	68	44	3	13	80	22	86	8.45e-04	34.7
2_48	1_294	88.115	244	29	0	4	247	3	246	5.54e-165	451
2_49	1_406	94.340	424	24	0	1	424	1	424	0.0	820
2_50	1_97	41.176	170	89	4	1	162	14	180	1.97e-36	119
2_51	1_430	30.052	762	511	12	10	756	53	807	1.89e-96	320
2_51	1_431	29.358	763	515	13	10	756	59	813	5.61e-92	305
2_52	1_83	51.414	389	165	6	27	406	14	387	1.84e-126	365
2_52	1_127	33.333	375	225	6	31	401	43	396	1.41e-61	199
2_52	1_204	30.240	334	208	3	65	398	1	309	1.21e-51	171
2_52	1_311	32.636	239	154	4	166	399	5	241	4.31e-36	128
2_54	1_22	72.059	340	57	10	1	330	1	312	1.59e-154	431
2_54	1_36	36.449	107	56	2	26	132	43	137	8.87e-14	64.3
2_54	1_34	42.391	92	47	2	53	141	44	132	1.53e-12	62.0
2_54	1_116	49.180	61	29	1	75	133	130	190	3.33e-11	57.4
2_55	1_13	77.258	598	88	10	1	586	1	562	0.0	846
2_56	1_399	66.727	550	131	16	1	514	1	534	6.95e-149	432
2_57	1_362	70.068	588	155	5	1	572	1	583	0.0	845
2_58	1_172	81.595	163	27	2	1	162	1	161	8.17e-91	261
2_59	1_134	90.221	1043	95	5	8	1049	11	1047	0.0	1935
2_60	1_236	95.197	458	20	1	1	458	1	456	0.0	877
2_61	1_350	64.800	125	44	0	16	140	190	314	2.15e-54	177
2_62	1_188	59.438	249	101	0	1	249	62	310	9.80e-106	313
2_62	1_9	32.510	243	138	8	19	251	56	282	6.90e-25	98.2
2_62	1_253	27.232	224	140	5	27	246	21	225	2.33e-16	73.2
2_62	1_165	25.591	254	155	8	8	247	261	494	3.91e-16	72.8
2_62	1_158	28.634	227	128	8	29	246	70	271	9.93e-16	71.2
2_62	1_387	28.070	228	130	8	27	245	133	335	7.09e-15	68.6
2_62	1_90	28.319	226	128	8	29	245	144	344	1.06e-14	68.2
2_62	1_356	28.507	221	134	6	29	245	193	393	1.23e-14	67.8
2_62	1_315	26.271	236	140	9	30	246	363	583	4.73e-14	66.6
2_62	1_233	31.373	153	90	4	106	251	8	152	6.02e-12	60.1
2_62	1_337	30.556	144	85	4	111	246	1167	1303	1.69e-11	58.9
2_62	1_357	30.323	155	85	6	108	246	879	1026	4.11e-09	51.6
2_62	1_118	28.462	130	80	3	117	246	177	293	9.12e-09	50.4
2_62	1_156	25.466	161	84	5	6	149	87	228	1.53e-08	49.7
2_63	1_105	79.769	2254	349	31	1	2193	1	2208	0.0	3309
2_64	1_370	80.938	320	59	1	1	320	1	318	0.0	516
2_65	1_72	62.910	488	169	7	17	494	7	492	0.0	596
2_66	1_241	51.070	327	158	2	85	409	24	350	6.77e-117	340
2_67	1_159	81.818	143	23	1	1	140	1	143	4.16e-77	221
2_69	1_188	55.161	310	120	2	30	337	88	380	2.31e-111	335
2_69	1_9	29.846	325	200	9	33	345	67	375	2.88e-30	119
2_69	1_9	37.500	56	35	0	396	451	666	721	8.92e-08	48.9
2_69	1_158	31.392	309	184	10	30	332	69	355	1.53e-29	116
2_69	1_158	42.857	70	36	1	386	451	606	675	5.35e-10	56.2
2_69	1_253	27.848	316	202	7	29	337	20	316	1.77e-28	113
2_69	1_253	34.722	72	43	1	391	458	655	726	9.36e-09	52.0
2_69	1_165	25.382	327	218	8	29	347	286	594	2.21e-26	107
2_69	1_165	53.125	32	15	0	396	427	946	977	3.51e-04	37.7
2_69	1_387	29.870	308	171	11	30	332	134	401	1.46e-24	100
2_69	1_315	26.625	323	203	8	33	336	363	670	1.73e-24	101
2_69	1_90	29.870	308	171	11	30	332	143	410	3.73e-24	100
2_69	1_90	42.857	70	36	1	386	451	690	759	7.00e-10	55.8
2_69	1_356	29.870	308	171	11	30	332	192	459	5.27e-24	99.8
2_69	1_337	30.043	233	147	5	114	337	1167	1392	1.12e-23	99.8
2_69	1_233	30.081	246	155	5	109	345	8	245	1.76e-22	95.1
2_69	1_233	37.500	56	35	0	396	451	536	591	6.26e-08	49.3
2_69	1_357	27.946	297	183	9	111	390	879	1161	4.79e-21	91.3
2_69	1_56	52.941	68	31	1	385	451	131	198	5.08e-17	74.7
2_69	1_74	42.105	76	44	0	383	458	583	658	8.18e-17	77.8
2_69	1_74	28.829	222	123	6	142	359	122	312	8.27e-15	71.2
2_69	1_156	53.731	67	31	0	385	451	412	478	8.87e-17	77.0
2_69	1_156	25.758	132	81	6	29	152	106	228	2.98e-04	37.7
2_69	1_118	28.481	158	100	3	120	277	177	321	4.08e-11	59.7
2_69	1_242	25.342	146	108	1	213	357	5	150	8.23e-09	52.0
2_69	1_5	27.143	140	92	3	227	362	192	325	3.98e-08	50.1
2_69	1_5	31.000	100	55	2	358	443	555	654	8.09e-06	42.7
2_69	1_197	38.710	62	37	1	286	347	291	351	3.39e-07	46.6
2_69	1_68	40.909	44	26	0	396	439	241	284	1.02e-05	41.6
2_71	1_136	74.542	927	231	2	1	922	21	947	0.0	1453
2_73	1_86	75.122	205	49	2	13	217	15	217	1.07e-108	322
2_74	1_353	63.845	567	197	4	1	560	1	566	0.0	756
2_76	1_305	83.310	2894	450	2	527	3420	849	3709	0.0	5044
2_76	1_305	73.510	151	40	0	1	151	702	852	7.00e-61	228
2_76	1_308	82.474	2134	374	0	1	2134	1243	3376	0.0	3685
2_76	1_245	33.159	3251	2011	51	259	3417	692	3872	0.0	1768
2_76	1_222	31.339	3376	2115	57	162	3420	792	4081	0.0	1707
2_77	1_91	79.599	299	59	2	17	315	15	311	0.0	511
2_77	1_300	38.577	267	141	11	53	305	957	1214	4.99e-45	158
2_77	1_70	35.802	243	140	8	69	300	183	420	2.37e-39	138
2_77	1_369	28.761	226	138	9	91	300	202	420	5.49e-20	84.7
2_78	1_305	87.941	2861	345	0	817	3677	849	3709	0.0	5283
2_78	1_305	69.797	394	117	2	49	441	460	852	1.21e-158	550
2_78	1_308	83.845	2377	382	2	49	2424	1001	3376	0.0	4148
2_78	1_245	33.447	3226	1991	52	557	3674	695	3872	0.0	1771
2_78	1_222	31.250	3360	2118	57	446	3677	786	4081	0.0	1695
2_79	1_390	75.577	1343	320	5	1	1337	1	1341	0.0	2048
2_80	1_220	90.769	520	47	1	1	519	1	520	0.0	921
2_81	1_110	93.614	2067	102	5	1	2064	12	2051	0.0	3971
2_81	1_424	28.729	181	109	6	54	234	155	315	5.48e-10	58.5
2_81	1_425	30.081	123	76	5	167	286	368	483	3.63e-05	43.5
2_81	1_293	19.187	443	277	18	469	863	514	923	8.67e-04	38.9
2_83	1_112	84.900	702	100	5	1	698	1	700	0.0	1221
2_85	1_227	75.439	969	235	1	27	995	1	966	0.0	1540
2_86	1_119	87.436	390	47	2	1	389	1	389	0.0	708
2_87	1_299	66.246	1031	347	1	15	1044	17	1047	0.0	1424
2_88	1_115	70.612	735	177	14	10	731	1	709	0.0	961
2_89	1_382	67.870	803	251	5	51	849	1	800	0.0	1132
2_90	1_215	53.241	864	392	8	1	858	1	858	0.0	884
2_91	1_121	93.517	509	31	1	96	602	112	620	0.0	965
2_91	1_57	34.694	49	32	0	173	221	51	99	3.00e-04	38.1
2_92	1_395	87.755	392	47	1	1	391	1	392	0.0	715
2_93	1_242	63.947	380	48	4	138	428	1	380	9.44e-156	442
2_93	1_288	29.070	344	194	9	68	367	94	431	4.64e-35	132
2_93	1_365	29.915	234	132	11	30	245	27	246	7.62e-17	74.7
2_93	1_253	25.362	138	96	3	133	263	176	313	5.76e-10	55.8
2_93	1_9	22.069	145	107	4	141	281	241	383	1.50e-07	48.1
2_93	1_233	25.000	100	73	2	185	283	157	255	1.68e-07	47.8
2_93	1_315	21.918	219	158	5	138	353	543	751	6.76e-06	43.1
2_93	1_337	23.140	121	92	1	138	257	1263	1383	1.73e-05	42.0
2_93	1_165	23.438	128	93	3	135	258	450	576	2.19e-05	41.2
2_95	1_143	89.268	205	21	1	1	204	1	205	1.16e-128	356
2_96	1_28	91.116	1981	167	3	1	1972	1	1981	0.0	3608
2_96	1_267	32.075	106	59	4	209	313	107	200	2.32e-05	43.9
2_97	1_328	79.454	842	172	1	7	847	8	849	0.0	1307
2_98	1_351	89.673	1559	120	10	1	1524	1	1553	0.0	2699
2_99	1_265	77.992	518	111	2	1	518	1	515	0.0	848
2_99	1_307	77.011	261	57	2	1	261	1	258	1.82e-145	414
2_100	1_8	97.260	73	2	0	1	73	1	73	6.92e-51	149
2_101	1_216	40.541	37	22	0	27	63	98	134	4.57e-04	37.7
2_102	1_263	83.721	86	14	0	1	86	1	86	3.96e-51	150
2_104	1_425	73.122	1291	324	12	6	1289	17	1291	0.0	1913
2_104	1_200	40.994	161	88	3	1016	1176	281	434	2.87e-35	135
2_104	1_200	28.261	138	83	6	827	964	176	297	4.40e-06	45.1
2_104	1_149	21.229	179	129	4	1016	1194	207	373	1.81e-07	50.1
2_104	1_149	29.703	101	53	4	1030	1121	571	662	5.64e-07	48.5
2_104	1_99	27.407	135	87	5	1002	1133	122	248	1.88e-07	49.3
2_104	1_295	26.606	109	67	4	1011	1113	125	226	6.19e-05	40.8
2_104	1_424	25.410	122	81	4	620	741	106	217	6.90e-05	41.6
2_104	1_110	25.405	185	116	5	574	746	60	234	8.02e-05	41.6
2_105	1_411	75.583	643	142	7	1	635	1	636	0.0	935
2_107	1_191	69.280	472	143	2	1	470	1	472	0.0	678
2_107	1_57	21.525	446	312	12	39	467	43	467	5.07e-19	84.0
2_107	1_316	20.155	387	233	11	119	464	193	544	1.52e-04	38.5
2_108	1_166	26.554	177	115	4	1	163	1	176	9.50e-17	69.7
2_109	1_247	87.211	563	71	1	1	562	1	563	0.0	974
2_110	1_267	87.354	1281	104	7	1	1225	1	1279	0.0	2269
2_110	1_28	29.771	131	73	4	109	227	209	332	7.80e-05	41.6
2_111	1_163	85.246	122	18	0	1	122	1	122	2.83e-72	206
2_112	1_44	48.485	825	387	15	1	790	1	822	0.0	709
2_113	1_190	93.125	640	42	2	1	638	1	640	0.0	1220
2_113	1_96	92.105	646	43	2	1	638	1	646	0.0	1215
2_114	1_3	52.560	664	300	8	6	656	8	669	0.0	715
2_115	1_201	74.921	630	150	4	2	623	3	632	0.0	991
2_116	1_114	93.729	5533	286	9	36	5559	30	5510	0.0	10617
2_118	1_225	93.678	174	11	0	1	174	1	174	3.23e-121	334
2_119	1_98	77.665	591	127	4	1	588	1	589	0.0	972
2_120	1_224	68.033	122	36	1	2	120	120	241	1.78e-56	171
2_121	1_18	81.375	451	84	0	1	451	1	451	0.0	791
2_121	1_64	24.242	363	215	13	112	427	135	484	1.13e-15	73.6
2_122	1_269	84.444	540	80	3	1	539	1	537	0.0	926
2_123	1_422	80.288	624	82	11	1	606	1	601	0.0	661
2_123	1_33	48.000	50	26	0	241	290	293	342	1.28e-11	61.2
2_125	1_228	50.761	394	185	6	1	392	1	387	9.39e-142	404
2_126	1_417	61.593	427	152	8	1	415	1	427	1.78e-176	494
2_128	1_337	29.032	217	112	6	35	212	1325	1538	8.67e-21	85.5
2_128	1_357	26.977	215	117	7	49	224	1062	1275	1.20e-16	73.2
2_128	1_90	27.155	232	128	7	17	216	333	555	1.29e-15	70.1
2_128	1_158	27.511	229	122	7	20	216	284	500	3.81e-15	68.6
2_128	1_233	29.936	157	103	3	71	221	238	393	9.00e-15	67.4
2_128	1_9	29.936	157	103	3	71	221	368	523	1.08e-14	67.4
2_128	1_356	27.586	203	106	7	17	187	382	575	1.10e-11	58.5
2_128	1_165	23.228	254	147	6	3	216	492	737	6.16e-11	56.2
2_128	1_188	21.596	213	143	5	30	220	325	535	3.03e-06	42.0
2_128	1_74	26.797	153	100	5	70	215	289	436	3.61e-06	42.0
2_129	1_49	83.010	206	35	0	1	206	1	206	1.41e-111	313
2_130	1_250	90.612	490	46	0	1	490	8	497	0.0	922
2_132	1_92	83.501	1388	204	15	1	1374	1	1377	0.0	2262
2_133	1_20	50.814	799	287	14	235	939	205	991	0.0	726
2_133	1_20	23.250	400	238	16	112	468	346	719	9.33e-11	60.5
2_133	1_20	19.950	401	173	12	387	741	168	466	4.12e-06	45.1
2_133	1_272	26.050	357	224	12	222	574	310	630	2.38e-24	104
2_133	1_272	24.330	448	264	18	331	765	293	678	4.29e-22	97.1
2_133	1_272	24.672	381	233	15	117	487	310	646	1.01e-15	76.3
2_133	1_272	24.798	371	230	15	105	465	324	655	2.13e-15	75.5
2_133	1_62	22.624	442	212	11	268	700	181	501	4.04e-20	90.1
2_133	1_62	24.934	377	231	12	105	467	154	492	1.13e-19	89.0
2_133	1_62	24.832	447	243	16	116	504	85	496	5.50e-19	86.7
2_133	1_62	25.369	339	213	12	392	721	154	461	2.21e-15	75.1
2_133	1_62	20.755	371	199	13	391	723	93	406	8.65e-09	53.5
2_133	1_62	23.950	238	135	8	630	853	87	292	1.64e-05	43.1
2_133	1_62	22.769	325	188	12	553	869	93	362	3.35e-04	38.9
2_133	1_258	22.693	401	246	12	281	669	225	573	2.30e-13	68.6
2_133	1_258	24.044	366	195	15	233	535	250	595	1.10e-12	66.2
2_133	1_258	23.670	376	203	13	363	721	252	560	8.47e-11	60.1
2_133	1_258	24.900	249	150	9	479	721	250	467	1.97e-07	49.3
2_133	1_63	24.895	237	142	4	363	585	135	349	6.01e-13	66.6
2_133	1_63	26.106	226	145	5	229	444	129	342	9.38e-06	43.5
2_133	1_63	22.488	209	125	6	479	655	133	336	1.97e-05	42.7
2_133	1_63	22.596	208	113	4	542	723	123	308	2.76e-05	42.0
2_134	1_361	91.097	629	56	0	1	629	1	629	0.0	1216
2_135	1_144	53.695	1218	516	14	1	1191	1	1197	0.0	1231
2_136	1_194	91.117	698	48	6	1	692	1	690	0.0	1154
2_136	1_371	34.772	417	245	7	181	596	4	394	7.31e-65	215
2_136	1_243	27.451	306	142	6	317	616	12	243	7.74e-31	124
2_137	1_137	75.000	300	72	1	9	308	7	303	2.65e-170	469
2_137	1_226	44.487	263	145	1	6	268	2	263	5.80e-79	237
2_138	1_186	81.951	615	110	1	2	615	1	615	0.0	1065
2_139	1_190	93.157	643	40	3	1	642	1	640	0.0	1224
2_139	1_96	92.284	648	42	3	1	642	1	646	0.0	1219
2_141	1_70	96.825	252	8	0	546	797	174	425	0.0	538
2_141	1_70	91.566	83	4	1	264	343	91	173	3.77e-42	154
2_141	1_300	44.487	263	135	6	540	795	954	1212	1.96e-63	226
2_141	1_91	36.626	243	138	8	555	792	65	296	4.00e-39	142
2_141	1_369	29.412	221	145	6	585	796	206	424	4.22e-31	121
2_142	1_231	76.978	278	59	4	5	279	82	357	2.79e-155	432
2_143	1_183	29.070	172	101	6	381	538	117	281	1.66e-11	60.1
2_143	1_183	47.059	85	39	2	15	98	87	166	2.76e-11	59.7
2_144	1_226	78.327	263	57	0	1	263	1	263	3.29e-158	436
2_144	1_137	46.970	264	139	1	8	270	10	273	5.25e-88	259
2_145	1_257	70.040	247	72	1	1	245	1	247	2.01e-123	346
2_146	1_385	79.230	1324	251	13	68	1377	23	1336	0.0	2128
2_146	1_0	25.373	268	155	6	291	520	23	283	2.17e-17	80.5
2_146	1_0	32.258	93	52	4	592	682	284	367	9.28e-05	40.8
2_147	1_380	86.774	310	35	1	1	304	1	310	0.0	561
2_149	1_35	28.030	264	163	6	3	255	213	460	2.05e-36	129
2_149	1_35	22.330	309	172	10	4	259	105	398	2.38e-11	58.2
2_149	1_230	32.203	59	40	0	4	62	91	149	1.30e-06	42.4
2_149	1_59	32.203	59	40	0	4	62	427	485	1.80e-06	43.1
2_149	1_12	37.705	61	36	2	3	62	51	110	7.08e-06	40.8
2_149	1_297	30.769	52	36	0	4	55	52	103	5.62e-04	33.5
2_150	1_426	87.172	647	83	0	8	654	8	654	0.0	1204
2_151	1_173	60.938	64	17	1	69	132	53	108	6.76e-21	76.6
2_152	1_415	83.721	430	68	1	18	445	1	430	0.0	755
2_153	1_376	87.302	252	32	0	7	258	8	259	3.84e-176	480
2_154	1_26	76.706	2447	538	19	635	3063	2	2434	0.0	3536
2_155	1_190	91.420	641	53	2	1	640	1	640	0.0	1207
2_155	1_96	90.402	646	56	2	1	640	1	646	0.0	1197
2_156	1_240	50.784	510	180	8	1	510	1	439	1.51e-171	486
2_156	1_336	74.634	205	51	1	302	506	114	317	6.63e-115	337
2_156	1_315	76.098	205	49	0	302	506	1088	1292	7.88e-110	349
2_157	1_244	96.429	112	4	0	1	112	15	126	4.04e-78	221
2_157	1_286	93.636	110	7	0	3	112	344	453	1.67e-71	215
2_158	1_57	63.966	469	168	1	5	472	1	469	0.0	619
2_158	1_191	24.703	421	286	12	68	468	58	467	4.07e-21	90.5
2_159	1_73	83.948	542	83	3	1	540	1	540	0.0	902
2_160	1_149	93.830	778	48	0	51	828	1	778	0.0	1496
2_160	1_99	29.060	234	150	8	142	368	23	247	1.46e-20	89.4
2_160	1_99	28.516	256	152	11	512	751	33	273	3.89e-19	84.7
2_160	1_200	26.923	260	171	7	465	714	132	382	5.39e-18	82.0
2_160	1_200	24.664	223	150	7	138	355	169	378	2.39e-14	70.9
2_160	1_332	25.556	270	163	9	131	375	119	375	1.61e-15	74.7
2_160	1_332	23.810	336	185	13	509	781	132	459	1.27e-12	65.5
2_160	1_295	26.573	143	103	2	569	710	90	231	3.74e-09	53.1
2_160	1_295	26.829	123	78	4	264	378	135	253	1.69e-07	48.1
2_160	1_425	22.967	209	127	8	621	813	1031	1221	1.21e-07	50.1
2_160	1_425	21.622	148	109	4	257	397	1017	1164	1.84e-07	49.3
2_161	1_228	44.081	397	201	8	2	394	9	388	5.90e-112	328
2_162	1_35	39.286	280	158	7	7	281	188	460	6.50e-52	171
2_162	1_12	37.079	89	54	1	9	97	28	114	1.53e-11	57.8
2_162	1_230	36.364	88	54	1	10	97	68	153	7.10e-11	54.7
2_162	1_59	36.905	84	51	1	14	97	408	489	4.84e-10	54.3
2_162	1_297	37.662	77	46	1	11	87	30	104	1.50e-07	43.9
2_162	1_165	37.255	51	32	0	47	97	981	1031	4.27e-05	39.3
2_162	1_138	36.364	66	40	1	11	76	41	104	5.81e-05	36.6
2_163	1_211	88.514	1036	118	1	1	1035	3	1038	0.0	1875
2_164	1_389	82.655	565	79	7	1	546	1	565	0.0	917
2_165	1_338	97.710	262	6	0	1	262	1	262	0.0	533
2_165	1_290	25.490	204	136	4	34	233	72	263	6.15e-12	60.1
2_166	1_95	56.790	81	35	0	45	125	37	117	1.72e-29	98.6
2_167	1_291	44.886	176	88	2	3	169	381	556	2.87e-35	124
2_167	1_302	36.364	132	75	4	3	126	82	212	5.20e-20	78.6
2_168	1_52	90.341	176	17	0	1	176	1	176	3.36e-122	337
2_169	1_171	81.262	523	84	3	1	515	1	517	0.0	889
2_171	1_190	82.456	171	28	2	1	170	471	640	6.82e-97	288
2_171	1_96	79.545	176	30	2	1	170	471	646	1.46e-94	282
2_172	1_82	83.102	1083	164	12	1	1072	1	1075	0.0	1415
2_173	1_327	91.304	161	14	0	1	161	1	161	1.22e-98	276
2_174	1_252	85.105	4411	645	9	1	4405	1	4405	0.0	7833
2_175	1_6	83.186	226	38	0	1	226	1	226	5.52e-146	401
2_176	1_101	84.469	367	56	1	6	372	4	369	0.0	644
2_177	1_312	93.451	4917	312	6	1	4912	1	4912	0.0	9450
2_178	1_140	99.476	191	1	0	1	191	1	191	1.02e-144	397
2_179	1_85	34.211	76	50	0	26	101	88	163	1.49e-11	53.9
2_179	1_106	35.897	78	48	2	26	102	41	117	1.05e-10	51.6
2_179	1_364	35.897	78	48	2	26	102	86	162	1.16e-10	51.6
2_179	1_11	35.897	78	48	2	26	102	33	109	1.24e-10	51.6
2_179	1_84	38.028	71	44	0	31	101	251	321	3.62e-10	50.1
2_180	1_58	90.400	125	12	0	1	125	1	125	5.47e-78	221
2_181	1_408	96.850	127	4	0	1	127	1	127	5.07e-91	254
2_182	1_424	95.122	492	24	0	57	548	29	520	0.0	974
2_182	1_110	27.717	184	109	5	183	343	51	233	1.24e-10	58.9
2_182	1_425	25.362	138	86	6	134	258	616	749	7.19e-04	37.0
2_182	1_425	25.503	149	92	6	207	341	599	742	8.31e-04	36.6
2_183	1_152	87.838	444	47	5	1	441	1	440	0.0	782
2_183	1_330	51.691	207	74	3	84	267	171	374	3.70e-64	215
2_184	1_396	55.096	314	120	8	149	446	1	309	1.79e-70	221
2_185	1_45	88.861	395	42	1	9	403	6	398	0.0	732
2_185	1_45	24.908	273	193	4	341	602	110	381	2.62e-24	100
2_185	1_45	24.242	198	132	8	577	765	137	325	1.46e-08	52.4
2_186	1_229	83.883	273	43	1	1	273	1	272	3.01e-163	449
2_186	1_68	49.367	237	48	5	1	237	1	165	6.04e-64	197
2_187	1_281	70.988	324	91	3	1	323	1	322	4.26e-168	465
2_188	1_67	86.111	108	14	1	1	108	1	107	1.45e-57	168
2_189	1_339	91.304	115	10	0	1	115	1	115	6.23e-78	220
2_190	1_405	73.150	473	85	8	3	437	2	470	0.0	647
2_191	1_324	82.443	262	30	5	56	302	1	261	8.03e-147	408
2_191	1_80	31.667	300	181	9	6	292	1	289	6.83e-39	134
2_191	1_273	37.671	146	81	4	55	195	10	150	2.35e-19	78.2
2_191	1_181	28.814	59	42	0	16	74	13	71	4.88e-07	45.4
2_191	1_148	25.446	224	131	10	43	231	244	466	1.45e-05	41.2
2_192	1_192	32.986	288	162	9	191	453	243	524	1.25e-32	132
2_192	1_192	27.376	263	163	4	854	1095	788	1043	2.72e-20	92.0
2_192	1_192	44.156	77	40	2	1	76	1	75	4.79e-16	78.2
2_192	1_161	35.669	157	92	4	193	345	115	266	8.04e-22	95.5
2_192	1_161	37.234	94	46	2	1	81	1	94	6.80e-13	67.0
2_192	1_133	36.641	131	75	4	257	385	7	131	3.48e-14	71.6
2_192	1_176	32.168	143	77	5	257	385	7	143	1.16e-10	60.1
2_195	1_346	89.960	249	25	0	1	249	1	249	5.76e-172	469
2_199	1_86	75.489	665	149	5	13	677	15	665	0.0	1035
2_200	1_17	73.607	341	83	3	1	337	1	338	0.0	528
2_201	1_368	57.771	341	117	12	5	326	2	334	7.95e-82	246
2_202	1_207	81.031	970	147	7	11	973	1	940	0.0	1518
2_202	1_37	30.303	264	164	8	721	972	270	525	2.00e-24	105
2_203	1_314	91.098	1640	137	7	94	1727	95	1731	0.0	2983
2_204	1_228	44.557	395	207	8	8	397	2	389	7.04e-116	338
2_205	1_139	87.755	196	24	0	1	196	1	196	3.19e-131	362
2_206	1_238	49.778	677	315	5	1	668	1	661	0.0	553
2_207	1_205	67.230	473	153	1	1	471	1	473	0.0	685
2_208	1_123	63.670	267	93	2	7	269	9	275	9.49e-127	356
2_208	1_418	63.158	171	61	1	101	269	1	171	5.50e-80	234
2_208	1_151	36.667	90	49	2	12	100	60	142	1.18e-08	49.7
2_209	1_204	49.527	317	148	1	53	369	1	305	7.26e-108	314
2_209	1_127	39.441	322	186	5	51	369	74	389	1.66e-81	249
2_209	1_83	31.781	365	218	6	25	369	22	375	4.93e-58	188
2_209	1_311	37.288	236	126	4	153	369	4	236	2.51e-44	149
2_210	1_135	90.445	607	51	5	1	603	3	606	0.0	1124
2_211	1_377	95.205	438	21	0	1	438	1	438	0.0	878
2_211	1_43	94.749	438	23	0	1	438	1	438	0.0	872
2_211	1_31	83.456	272	32	2	159	430	1	259	4.83e-167	465
2_212	1_196	98.214	168	3	0	1	168	1	168	3.17e-122	337
2_213	1_224	80.913	241	46	0	1	241	1	241	5.67e-142	392
2_214	1_276	94.340	583	31	2	24	605	64	645	0.0	1112
2_215	1_63	76.224	429	95	2	1	422	6	434	0.0	664
2_215	1_62	31.188	202	133	2	127	327	241	437	1.23e-36	136
2_215	1_62	33.333	213	126	4	130	334	183	387	7.42e-32	122
2_215	1_62	27.551	294	183	5	128	417	302	569	1.92e-28	112
2_215	1_62	31.034	203	120	3	97	298	309	492	5.10e-24	99.4
2_215	1_62	30.851	188	120	5	165	342	152	339	7.69e-22	92.8
2_215	1_272	36.139	202	119	3	128	327	409	602	1.26e-36	137
2_215	1_272	27.815	302	195	5	128	415	438	730	8.52e-36	134
2_215	1_272	31.982	222	141	3	125	344	349	562	1.13e-31	122
2_215	1_272	29.012	162	104	3	116	274	510	663	7.83e-21	89.7
2_215	1_272	27.861	201	110	4	162	327	288	488	1.19e-18	83.2
2_215	1_272	27.891	147	71	3	215	327	286	431	1.51e-11	60.8
2_215	1_272	30.000	80	54	1	251	328	296	375	1.69e-06	44.7
2_215	1_258	28.399	331	195	10	14	330	144	446	8.68e-29	113
2_215	1_258	27.778	234	147	6	116	327	294	527	8.28e-24	98.6
2_215	1_258	25.670	261	161	5	116	375	379	607	9.84e-21	89.4
2_215	1_20	24.903	257	141	7	130	334	300	556	1.22e-16	77.0
2_215	1_20	23.963	217	140	9	129	327	172	381	8.15e-08	48.9
2_215	1_268	26.744	172	95	9	128	268	4	175	5.38e-06	41.6
2_216	1_249	90.258	503	49	0	1	503	1	503	0.0	951
2_217	1_54	92.139	547	36	2	1	540	2	548	0.0	877
2_218	1_117	62.295	122	46	0	23	144	108	229	2.19e-46	145
2_220	1_122	74.952	523	116	3	15	522	14	536	0.0	761
2_221	1_323	86.858	487	63	1	1	487	1	486	0.0	890
2_222	1_2	94.931	434	21	1	103	536	54	486	0.0	862
2_223	1_13	79.156	403	81	2	17	416	1	403	0.0	668
2_225	1_158	43.733	734	363	9	68	790	2	696	0.0	607
2_225	1_90	42.953	745	383	9	58	790	66	780	0.0	598
2_225	1_356	46.804	485	224	4	58	533	115	574	4.24e-146	436
2_225	1_357	41.506	518	292	7	192	703	889	1401	4.00e-128	410
2_225	1_337	50.693	361	172	1	192	546	1167	1527	9.81e-117	384
2_225	1_387	46.429	364	167	3	58	412	57	401	2.59e-107	329
2_225	1_9	28.835	704	436	18	128	792	67	744	2.81e-63	221
2_225	1_253	26.829	738	458	17	112	782	8	730	1.48e-58	207
2_225	1_233	29.100	622	392	15	194	792	19	614	1.93e-57	202
2_225	1_315	25.773	582	362	13	118	645	355	920	8.67e-45	169
2_225	1_165	27.321	560	356	16	107	631	269	812	8.85e-42	159
2_225	1_74	25.823	577	348	17	225	769	123	651	2.00e-33	131
2_225	1_188	24.748	497	312	15	127	590	90	557	2.13e-27	112
2_225	1_197	42.857	91	47	2	365	455	290	375	1.41e-15	73.9
2_225	1_118	27.723	202	116	6	156	343	122	307	3.91e-14	70.9
2_225	1_56	32.895	76	51	0	713	788	142	217	2.81e-11	58.9
2_225	1_156	27.979	193	108	7	601	777	309	486	2.99e-10	57.8
2_225	1_156	26.144	153	90	5	128	265	111	255	2.76e-08	51.6
2_225	1_242	28.346	127	91	0	288	414	1	127	2.02e-09	55.1
2_225	1_5	21.825	252	181	6	306	549	192	435	7.72e-05	40.4
2_225	1_21	31.633	98	56	4	131	218	1353	1449	1.25e-04	40.0
2_225	1_68	29.268	82	53	1	686	762	208	289	1.26e-04	39.3
2_225	1_148	31.818	88	49	3	120	200	1188	1271	1.80e-04	39.7
2_225	1_288	26.957	115	79	3	290	402	167	278	4.02e-04	38.1
2_225	1_365	27.358	106	73	2	290	394	142	244	6.55e-04	37.0
2_226	1_79	93.333	210	14	0	1	210	1	210	1.07e-142	392
2_227	1_66	45.238	84	46	0	26	109	16	99	4.80e-12	54.7
2_228	1_60	88.393	336	36	2	1	333	1	336	0.0	604
2_229	1_228	46.231	398	192	10	1	389	1	385	3.84e-115	336
2_230	1_87	77.642	492	105	2	1	487	1	492	0.0	795
2_231	1_132	90.393	229	22	0	1	229	1	229	4.36e-152	417
2_232	1_262	52.381	168	75	3	1	165	1	166	1.04e-55	168
2_233	1_42	94.336	512	24	2	1	510	1	509	0.0	939
2_234	1_430	30.108	93	57	3	28	114	173	263	2.10e-05	40.4
2_234	1_431	29.032	93	58	3	28	114	179	269	3.29e-04	36.6
2_234	1_82	23.596	89	68	0	23	111	295	383	7.80e-04	35.4
2_235	1_255	86.412	655	89	0	1	655	1	655	0.0	1201
2_236	1_113	85.167	209	30	1	1	208	1	209	1.67e-107	303
2_237	1_197	40.698	258	148	1	148	400	33	290	2.50e-56	187
2_237	1_155	40.458	262	151	1	144	400	562	823	1.34e-52	186
2_237	1_155	30.275	109	75	1	37	145	1	108	2.97e-10	57.4
2_237	1_84	39.161	143	87	0	4	146	71	213	6.26e-26	106
2_237	1_24	27.619	210	148	3	162	370	600	806	1.31e-20	90.1
2_238	1_366	56.716	134	47	1	19	152	1	123	3.76e-50	153
2_239	1_208	75.752	565	113	10	1	554	1	552	0.0	754
2_240	1_304	86.069	524	69	3	1	524	3	522	0.0	941
2_241	1_330	90.168	773	40	9	1	748	1	762	0.0	1150
2_241	1_152	51.208	207	75	3	174	377	84	267	6.44e-64	215
2_242	1_373	82.723	191	33	0	1	191	61	251	9.55e-117	327
2_243	1_3	53.214	669	300	10	65	722	3	669	0.0	708
2_244	1_381	90.683	644	59	1	1	643	1	644	0.0	1238
2_245	1_324	83.969	262	27	4	146	393	1	261	4.04e-151	423
2_245	1_80	32.677	254	148	8	140	383	49	289	8.25e-26	100
2_245	1_273	37.241	145	81	4	146	285	11	150	6.22e-18	75.1
2_245	1_148	25.481	208	120	9	146	322	263	466	1.51e-06	45.1
2_246	1_272	87.543	875	84	7	1	867	1	858	0.0	1549
2_246	1_62	32.011	353	219	7	324	663	146	490	4.90e-53	191
2_246	1_62	30.172	348	202	7	289	629	171	484	3.82e-47	174
2_246	1_62	31.274	259	172	5	299	555	242	496	2.28e-37	144
2_246	1_62	31.056	322	175	11	384	662	87	404	2.36e-37	144
2_246	1_62	31.429	175	113	6	294	467	324	492	9.17e-19	85.5
2_246	1_258	29.712	313	208	4	361	663	251	561	3.95e-45	168
2_246	1_258	28.090	356	235	9	268	610	217	564	1.94e-38	147
2_246	1_258	34.634	205	127	5	474	675	250	450	6.58e-32	127
2_246	1_63	36.444	225	125	5	391	614	135	342	2.43e-33	129
2_246	1_63	31.304	230	142	3	355	570	128	355	1.24e-26	108
2_246	1_63	30.045	223	111	3	446	653	133	325	1.26e-24	102
2_246	1_63	34.659	176	98	4	502	662	133	306	8.32e-22	94.0
2_246	1_63	28.502	207	107	5	330	496	133	338	1.16e-20	90.5
2_246	1_63	32.692	156	88	3	530	671	133	285	4.36e-18	82.4
2_246	1_63	33.036	112	72	2	328	439	230	338	1.64e-17	80.9
2_246	1_63	28.090	178	121	4	296	473	173	343	4.00e-11	60.5
2_246	1_63	25.410	122	85	4	277	398	238	353	4.40e-07	47.8
2_246	1_20	23.270	477	265	17	248	638	88	549	3.47e-26	110
2_246	1_20	23.235	439	243	15	332	687	332	759	2.36e-21	94.7
2_246	1_20	27.187	320	195	11	358	650	146	454	3.18e-17	81.3
2_246	1_20	30.159	126	72	6	328	439	596	719	9.61e-06	43.9
2_246	1_235	24.034	233	129	8	331	520	683	910	1.89e-07	49.3
2_246	1_268	24.540	163	103	5	446	593	4	161	3.28e-07	46.6
2_246	1_268	20.000	190	111	5	390	553	5	179	1.43e-04	38.5
2_246	1_268	26.891	119	64	5	535	642	10	116	5.87e-04	36.6
2_247	1_74	38.650	163	77	3	78	240	122	261	1.24e-31	117
2_247	1_188	27.213	305	150	8	2	239	71	370	5.32e-27	103
2_247	1_9	28.571	301	147	11	2	239	45	340	5.77e-20	83.2
2_247	1_156	31.250	144	46	1	2	92	89	232	1.43e-19	82.0
2_247	1_165	25.667	300	158	9	1	239	262	557	1.38e-18	79.3
2_247	1_253	27.128	188	126	5	62	240	105	290	9.81e-16	70.9
2_247	1_233	35.326	184	108	8	62	239	32	210	6.00e-15	68.6
2_247	1_357	29.282	181	116	5	69	240	912	1089	3.49e-13	63.5
2_247	1_158	27.027	185	124	6	63	239	152	333	6.68e-12	59.3
2_247	1_315	24.771	218	132	7	49	237	428	642	1.30e-10	55.8
2_247	1_337	27.011	174	116	5	75	240	1196	1366	4.81e-09	51.2
2_247	1_387	23.656	186	112	5	63	240	217	380	1.99e-07	45.8
2_247	1_356	23.784	185	111	5	63	239	275	437	2.99e-07	45.4
2_247	1_90	23.784	185	111	5	63	239	226	388	2.99e-07	45.4
2_248	1_119	29.245	106	73	1	54	159	12	115	1.85e-08	51.6
2_248	1_215	28.448	116	76	4	80	191	678	790	2.49e-04	38.9
2_249	1_333	97.391	230	6	0	1	230	1	230	2.10e-169	461
2_250	1_206	68.293	369	112	5	4	369	5	371	0.0	511
2_251	1_344	85.906	149	21	0	20	168	1	149	5.76e-96	269
2_252	1_326	73.383	402	104	3	1	401	1	400	0.0	647
2_253	1_264	38.141	312	189	2	2	309	58	369	1.37e-61	197
2_254	1_383	73.913	138	36	0	1	138	1	138	2.02e-76	219
2_255	1_46	77.273	418	91	3	1	417	1	415	0.0	651
2_257	1_329	56.457	2896	1074	70	1	2796	1	2809	0.0	2656
2_259	1_287	98.911	551	6	0	1	551	1	551	0.0	1110
2_259	1_170	92.350	549	42	0	1	549	1	549	0.0	1046
2_260	1_120	64.641	181	64	0	4	184	5	185	2.21e-85	245
2_260	1_39	30.818	159	95	3	29	178	31	183	2.94e-11	56.2
2_262	1_89	45.513	156	82	1	5	160	6	158	5.53e-49	150
2_263	1_40	78.852	610	114	8	1	600	1	605	0.0	839
2_264	1_190	93.125	640	42	2	1	638	1	640	0.0	1219
2_264	1_96	92.105	646	43	2	1	638	1	646	0.0	1212
2_265	1_382	29.587	774	471	17	108	820	40	800	8.09e-105	336
2_266	1_80	33.463	257	131	11	11	253	1	231	2.21e-27	103
2_266	1_324	27.935	247	139	10	62	292	2	225	2.12e-17	75.5
2_266	1_273	40.196	102	41	6	62	154	12	102	8.89e-13	60.1
2_266	1_148	25.000	252	136	11	33	248	232	466	4.49e-09	52.4
2_266	1_181	27.128	188	107	9	20	195	12	181	9.37e-05	38.5
2_270	1_256	93.610	313	20	0	25	337	1	313	0.0	605
2_272	1_289	74.339	378	95	2	1	377	6	382	0.0	583
2_273	1_145	89.116	294	32	0	1	294	1	294	0.0	551
2_273	1_413	87.685	203	25	0	92	294	1	203	8.51e-133	370
2_274	1_234	31.250	208	104	7	318	522	43	214	9.72e-09	53.5
2_274	1_234	22.500	320	204	10	550	868	9	285	7.60e-05	41.2
2_274	1_39	31.858	113	60	4	650	761	69	165	0.001	37.7
2_276	1_39	38.632	497	245	4	16	457	7	498	1.18e-102	311
2_277	1_298	61.789	246	88	3	9	254	9	248	8.05e-102	298
2_279	1_316	74.910	558	122	6	1	543	1	555	0.0	839
2_280	1_221	68.539	267	76	5	1	264	1	262	1.55e-122	345
2_280	1_55	63.158	266	91	3	1	264	1	261	2.15e-111	317
2_281	1_402	83.252	824	128	8	1	815	1	823	0.0	1343
2_282	1_127	63.111	225	83	0	13	237	2	226	1.10e-97	295
2_282	1_127	75.723	173	38	1	302	474	230	398	7.78e-89	272
2_282	1_83	29.930	431	226	10	51	470	15	380	1.59e-52	177
2_282	1_311	30.345	290	152	6	186	472	1	243	2.30e-40	140
2_282	1_204	45.223	157	82	1	312	468	156	308	6.78e-39	138
2_282	1_204	30.556	144	98	1	87	230	1	142	1.56e-20	87.0
2_283	1_167	67.351	487	108	15	1	454	1	469	4.80e-163	464
2_284	1_345	79.374	543	111	1	1	542	1	543	0.0	873
2_285	1_93	67.661	436	137	2	1	432	1	436	0.0	610
2_286	1_74	43.704	405	159	4	198	554	122	505	4.59e-109	336
2_286	1_74	55.263	38	17	0	49	86	83	120	9.28e-09	52.8
2_286	1_9	32.854	487	279	16	53	512	33	498	1.33e-61	211
2_286	1_165	31.569	510	292	18	53	527	246	733	1.27e-51	185
2_286	1_156	42.439	205	107	4	14	216	41	236	4.82e-47	166
2_286	1_156	39.535	86	47	2	474	554	236	321	4.18e-08	50.4
2_286	1_188	29.104	536	327	16	7	515	3	512	1.91e-43	158
2_286	1_253	26.327	490	314	13	87	557	24	485	7.56e-43	158
2_286	1_233	32.286	350	205	10	182	512	32	368	1.11e-38	145
2_286	1_158	27.169	438	272	15	86	507	70	476	4.06e-37	140
2_286	1_90	25.629	437	261	15	86	507	144	531	2.71e-31	123
2_286	1_356	25.173	433	252	15	86	499	193	572	1.05e-30	120
2_286	1_315	25.767	489	286	20	87	528	363	821	2.21e-28	115
2_286	1_357	28.291	357	230	9	170	506	889	1239	2.83e-26	108
2_286	1_337	27.507	349	223	10	189	516	1190	1529	3.52e-25	105
2_286	1_387	27.451	306	171	11	86	379	135	401	5.62e-24	99.0
2_286	1_118	27.211	147	88	4	177	312	172	310	5.13e-11	60.1
2_286	1_197	33.708	89	58	1	331	419	289	376	1.30e-08	51.6
2_286	1_5	25.126	199	138	7	267	458	185	379	5.02e-08	50.1
2_286	1_242	23.243	185	131	3	260	439	5	183	5.99e-08	49.7
2_286	1_148	27.885	104	57	4	56	150	1156	1250	1.25e-07	49.3
2_286	1_189	27.559	127	47	2	473	554	69	195	7.52e-05	39.3
2_286	1_288	22.300	287	188	14	274	540	180	451	2.15e-04	38.5
2_287	1_37	83.368	1425	220	11	1	1419	16	1429	0.0	2423
2_287	1_207	29.614	233	150	7	275	501	711	935	3.95e-24	104
2_288	1_179	74.793	242	49	4	122	361	1	232	5.76e-112	321
2_288	1_51	44.776	67	37	0	133	199	70	136	2.91e-13	63.9
2_289	1_33	91.335	427	31	2	1	421	1	427	0.0	711
2_289	1_422	48.000	50	26	0	292	341	246	295	2.32e-11	60.1
2_290	1_386	95.259	232	11	0	1	232	1	232	1.63e-171	466
2_291	1_290	96.198	263	10	0	1	263	1	263	0.0	539
2_291	1_338	23.697	211	148	4	72	271	34	242	6.47e-14	64.7
2_292	1_51	80.916	262	40	5	1	254	1	260	1.01e-125	352
2_292	1_179	44.776	67	37	0	71	137	12	78	1.06e-13	63.5
2_293	1_322	94.585	868	47	0	1	868	1	868	0.0	1716
2_294	1_295	60.837	263	101	1	7	269	14	274	2.87e-116	333
2_294	1_275	57.513	193	79	2	152	344	1	190	2.71e-78	233
2_294	1_99	27.273	308	194	11	18	318	35	319	4.34e-20	85.1
2_294	1_332	23.867	331	213	12	18	321	137	455	4.82e-18	79.7
2_294	1_149	22.530	253	172	8	3	246	91	328	2.81e-12	62.4
2_294	1_149	23.127	307	193	7	12	318	458	721	1.13e-11	60.5
2_294	1_425	25.773	97	65	2	128	221	1024	1116	6.76e-04	36.2
2_295	1_177	93.447	351	19	1	1	351	1	347	0.0	639
2_296	1_187	61.719	128	44	3	1	127	1	124	3.64e-55	164
2_298	1_159	53.623	138	30	1	19	122	10	147	1.28e-44	137
2_299	1_358	85.269	353	47	2	48	395	10	362	0.0	642
2_300	1_270	67.639	377	68	8	257	617	88	426	8.95e-131	385
2_300	1_270	58.333	108	34	4	1	102	1	103	3.80e-22	94.0
2_301	1_246	37.118	229	132	5	7	225	35	261	3.67e-43	142
2_302	1_348	89.269	438	44	1	1	438	1	435	0.0	838
2_303	1_62	88.404	664	68	4	1	664	1	655	0.0	1199
2_303	1_272	32.164	342	221	6	156	494	322	655	1.95e-53	192
2_303	1_272	22.381	210	111	5	80	237	450	659	9.54e-06	43.1
2_303	1_258	31.864	295	189	7	208	498	242	528	3.29e-44	163
2_303	1_258	31.672	341	211	10	187	515	252	582	9.36e-41	153
2_303	1_258	26.554	354	183	10	158	472	252	567	2.75e-28	115
2_303	1_258	24.675	231	133	6	76	301	371	565	6.87e-08	50.1
2_303	1_63	32.075	212	132	2	241	441	128	338	2.15e-31	122
2_303	1_63	32.692	208	118	3	187	380	135	334	3.21e-27	109
2_303	1_63	27.907	301	184	8	82	378	119	390	1.19e-23	99.0
2_303	1_63	31.461	178	106	2	334	496	133	309	1.10e-20	90.1
2_303	1_63	30.921	152	89	3	364	500	135	285	4.80e-13	66.2
2_303	1_20	24.586	423	234	14	92	469	167	549	2.47e-20	90.5
2_303	1_20	25.138	362	218	12	158	469	361	719	3.77e-16	77.0
2_303	1_20	22.551	439	235	14	156	505	272	694	6.82e-15	73.2
2_303	1_20	23.562	365	206	13	98	389	361	725	3.56e-10	57.8
2_303	1_268	26.163	172	107	5	311	467	10	176	3.73e-07	45.8
2_303	1_268	32.143	112	68	4	390	499	4	109	4.13e-07	45.8
2_303	1_268	23.889	180	112	6	251	414	10	180	6.18e-06	42.4
2_303	1_268	28.099	121	74	3	186	296	57	174	4.68e-05	39.7
2_304	1_335	76.739	460	105	1	5	462	8	467	0.0	743
2_305	1_423	39.007	141	83	2	1	140	1	139	1.48e-19	75.1
2_306	1_431	36.501	463	289	5	1	461	69	528	1.67e-84	282
2_306	1_431	34.286	175	112	3	491	663	635	808	9.33e-28	114
2_306	1_430	35.421	463	294	5	1	461	63	522	1.03e-80	273
2_306	1_430	34.286	175	112	3	491	663	629	802	1.20e-27	114
2_307	1_102	49.650	286	140	3	9	292	40	323	1.11e-96	286
2_307	1_388	48.288	292	142	6	13	299	40	327	1.66e-80	244
2_307	1_27	47.586	290	147	4	13	299	40	327	2.14e-79	244
2_307	1_285	54.974	191	82	3	104	292	3	191	8.55e-70	213
2_307	1_14	35.417	288	176	4	13	295	42	324	8.07e-54	177
2_307	1_404	33.667	300	186	6	6	295	37	333	1.64e-47	160
2_307	1_218	30.545	275	150	5	24	294	53	290	7.72e-36	128
2_307	1_331	32.000	250	141	6	6	245	35	265	5.81e-28	104
2_307	1_360	32.653	147	96	1	147	290	185	331	7.48e-26	102
2_307	1_306	25.610	246	163	8	12	244	43	281	8.46e-16	71.2
2_307	1_248	38.667	75	46	0	218	292	2	76	2.31e-12	62.0
2_307	1_280	23.664	131	93	4	168	294	3	130	5.40e-07	44.3
2_308	1_69	47.436	156	68	6	1	151	1	147	3.00e-33	110
2_309	1_3	62.594	663	234	9	8	661	12	669	0.0	852
2_310	1_19	68.029	832	228	10	67	897	467	1261	0.0	1088
2_310	1_178	64.156	770	180	9	88	847	52	735	0.0	918
2_311	1_158	54.373	263	117	2	1	260	170	432	3.41e-87	275
2_311	1_158	54.348	92	40	1	276	367	594	683	1.03e-26	107
2_311	1_158	53.012	83	39	0	193	275	436	518	3.85e-21	90.5
2_311	1_356	50.570	263	108	3	1	260	293	536	3.81e-76	243
2_311	1_356	50.000	36	18	0	193	228	540	575	1.55e-05	41.6
2_311	1_90	50.570	263	108	3	1	260	244	487	1.06e-74	243
2_311	1_90	54.348	92	40	1	276	367	678	767	7.49e-27	108
2_311	1_90	49.485	97	46	1	182	275	477	573	9.33e-22	92.8
2_311	1_387	62.366	186	51	1	1	186	235	401	3.48e-71	225
2_311	1_357	49.362	235	113	2	1	234	924	1153	2.06e-63	216
2_311	1_357	47.273	55	29	0	204	258	1211	1265	7.33e-09	52.4
2_311	1_337	50.000	194	97	0	1	194	1202	1395	3.91e-60	206
2_311	1_337	48.889	45	23	0	197	241	1484	1528	8.82e-07	45.8
2_311	1_253	33.028	218	128	5	1	208	124	333	3.82e-22	94.0
2_311	1_253	37.333	75	47	0	287	361	647	721	5.74e-09	52.8
2_311	1_165	33.668	199	126	4	1	193	388	586	5.19e-18	81.3
2_311	1_165	37.778	45	28	0	291	335	933	977	2.51e-04	37.7
2_311	1_315	25.571	219	145	3	1	202	465	682	7.05e-18	80.9
2_311	1_233	31.414	191	117	6	2	187	52	233	1.53e-15	73.2
2_311	1_233	34.783	69	45	0	299	367	531	599	4.85e-08	49.7
2_311	1_9	31.414	191	117	6	2	187	182	363	3.37e-15	72.4
2_311	1_9	34.783	69	45	0	299	367	661	729	4.48e-08	49.7
2_311	1_56	42.667	75	43	0	293	367	132	206	1.56e-12	61.6
2_311	1_188	29.655	145	96	3	46	188	251	391	1.89e-12	63.5
2_311	1_188	27.778	108	66	4	329	424	246	353	2.64e-04	37.7
2_311	1_156	44.615	65	36	0	303	367	422	486	2.26e-12	63.2
2_311	1_197	41.250	80	37	2	143	213	294	372	2.27e-10	56.6
2_311	1_74	29.091	165	111	4	52	212	149	311	1.63e-09	54.3
2_311	1_74	40.323	62	37	0	303	364	595	656	9.85e-09	52.0
2_311	1_68	36.000	100	55	2	262	352	190	289	1.29e-08	50.4
2_311	1_118	27.778	126	74	3	1	120	196	310	2.15e-05	41.2
2_311	1_242	22.727	132	102	0	62	193	1	132	3.16e-04	37.4
2_312	1_175	90.331	786	75	1	1	785	1	786	0.0	1447
2_312	1_325	89.362	611	65	0	175	785	11	621	0.0	1111
2_313	1_174	89.569	441	44	2	341	780	271	710	0.0	775
2_313	1_174	90.146	274	21	3	1	272	1	270	3.67e-163	484
2_314	1_350	54.902	102	46	0	26	127	113	214	2.30e-36	125
2_315	1_283	92.920	339	20	1	1	339	1	335	0.0	641
2_315	1_212	55.263	38	16	1	47	84	11	47	1.16e-06	44.3
2_316	1_379	80.571	175	34	0	7	181	4	178	5.04e-109	304
2_317	1_222	69.784	3197	943	8	1	3191	904	4083	0.0	4686
2_317	1_245	38.095	3255	1862	39	4	3191	709	3877	0.0	2173
2_317	1_305	34.137	2944	1781	48	296	3189	874	3709	0.0	1685
2_317	1_308	34.995	1926	1149	29	4	1896	1519	3374	0.0	1129
2_318	1_4	87.708	301	35	2	1	300	1	300	0.0	504
2_318	1_4	67.391	92	30	0	352	443	245	336	2.13e-33	123
2_319	1_168	78.656	848	180	1	1	848	1	847	0.0	1330
2_320	1_3	54.463	661	290	7	5	656	8	666	0.0	736
2_321	1_116	97.000	200	6	0	66	265	37	236	1.69e-145	402
2_321	1_36	50.704	71	33	1	152	222	73	141	3.51e-14	64.3
2_321	1_22	48.438	64	31	1	156	219	72	133	4.76e-11	56.6
2_321	1_34	37.647	85	40	3	137	211	35	116	5.41e-08	47.8
2_322	1_222	66.936	3962	1269	15	78	4018	142	4083	0.0	5503
2_322	1_245	35.852	3269	1942	46	819	4018	695	3877	0.0	2022
2_322	1_305	32.687	2992	1840	47	1073	4016	844	3709	0.0	1593
2_322	1_308	31.486	2274	1441	31	492	2724	1177	3374	0.0	1095
2_323	1_430	94.613	1021	55	0	1	1021	1	1021	0.0	2026
2_323	1_431	88.998	1018	108	2	1	1015	7	1023	0.0	1863
2_324	1_235	52.273	440	183	14	1	421	1	432	1.21e-119	384
2_324	1_235	41.788	548	163	15	465	891	534	1046	1.97e-119	383
2_324	1_235	33.333	66	40	1	198	259	718	783	2.68e-06	45.8
2_324	1_235	70.833	24	7	0	622	645	207	230	6.16e-06	44.7
2_324	1_235	55.556	27	12	0	584	610	304	330	9.91e-06	43.9
2_324	1_235	39.535	43	26	0	295	337	718	760	1.01e-05	43.9
2_324	1_235	61.538	26	10	0	584	609	205	230	1.99e-05	42.7
2_324	1_235	26.515	132	77	5	198	319	682	803	8.07e-05	40.8
2_324	1_235	58.333	24	10	0	622	645	306	329	3.81e-04	38.5
2_325	1_210	82.974	881	140	7	5	881	1	875	0.0	1489
2_326	1_169	91.221	262	23	0	9	270	7	268	0.0	500
2_327	1_414	75.214	234	55	3	1	231	1	234	1.41e-115	355
2_327	1_207	30.719	153	101	2	698	847	783	933	7.62e-12	64.3
2_327	1_37	21.973	223	151	7	666	867	325	545	1.67e-06	47.0
2_328	1_341	75.445	562	128	6	1	558	1	556	0.0	818
2_329	1_359	46.927	179	93	1	48	226	67	243	7.60e-59	181
2_330	1_195	96.509	1862	64	1	1	1862	1	1861	0.0	3770
2_331	1_150	89.538	325	11	1	1	302	1	325	0.0	598
2_332	1_203	91.480	223	19	0	1	223	22	244	1.30e-155	426
2_333	1_125	92.537	134	9	1	1	134	1	133	6.36e-90	252
2_334	1_118	85.399	589	58	3	82	642	250	838	0.0	1015
2_335	1_260	90.227	440	38	1	6	445	7	441	0.0	820
2_336	1_212	81.750	400	73	0	1	400	1	400	0.0	703
2_336	1_124	40.741	54	30	1	9	60	30	83	1.20e-10	55.1
2_336	1_283	40.000	50	24	2	4	47	35	84	2.60e-05	40.4
2_337	1_291	35.000	320	145	8	60	319	240	556	8.72e-39	139
2_337	1_302	31.707	164	100	5	123	275	49	211	7.01e-19	79.0
2_338	1_421	52.331	665	300	8	2	657	1	657	0.0	627
2_339	1_65	75.000	472	102	9	1	459	1	469	0.0	691
2_340	1_64	62.963	513	185	4	6	518	3	510	0.0	699
2_340	1_18	23.950	238	147	8	257	486	209	420	9.78e-11	58.5
2_341	1_318	86.494	348	47	0	1	348	1	348	0.0	622
2_342	1_200	95.900	439	18	0	6	444	1	439	0.0	885
2_342	1_425	42.857	161	85	3	286	439	1017	1177	4.42e-38	142
2_342	1_425	29.907	107	62	5	181	274	826	932	8.91e-06	42.7
2_342	1_149	25.769	260	174	7	137	387	415	664	7.36e-17	77.8
2_342	1_149	25.561	223	148	7	174	383	88	305	2.60e-15	72.8
2_342	1_99	28.636	220	133	10	192	397	36	245	1.54e-15	72.4
2_342	1_295	24.631	203	132	8	193	377	27	226	2.08e-05	40.8
2_342	1_332	21.127	213	139	5	192	376	138	349	2.12e-05	41.2
2_343	1_355	24.479	384	262	11	188	550	221	597	1.81e-27	111
2_344	1_401	58.537	246	87	5	6	239	3	245	2.34e-86	251
2_345	1_78	88.545	646	46	2	1	618	1	646	0.0	1194
2_346	1_160	76.623	693	136	6	8	685	7	688	0.0	1109
2_347	1_16	36.187	257	100	8	1	246	1	204	1.27e-30	108
2_348	1_392	89.608	510	51	2	1	509	1	509	0.0	919
2_349	1_398	85.980	806	110	3	3	805	2	807	0.0	1392
