2_0	0_179	45.000	340	164	2	239	555	25	364	4.67e-99	300
2_1	0_45	81.873	662	115	4	1	662	1	657	0.0	1129
2_2	0_58	95.178	394	15	2	6	395	1	394	0.0	776
2_3	0_239	81.373	510	93	2	15	523	1	509	0.0	869
2_3	0_366	38.902	437	255	4	85	520	19	444	3.88e-101	307
2_4	0_344	97.768	224	5	0	1	224	1	224	6.18e-170	467
2_4	0_213	25.000	328	195	8	17	303	255	572	1.50e-26	105
2_4	0_328	29.060	234	150	8	7	231	92	318	8.62e-21	88.2
2_4	0_328	26.667	255	158	10	17	257	462	701	1.35e-18	81.6
2_4	0_243	27.619	315	201	11	9	303	15	322	4.73e-18	78.6
2_4	0_208	28.947	228	137	11	13	229	179	392	1.26e-16	75.1
2_4	0_75	25.899	139	84	5	106	232	968	1099	9.39e-08	48.1
2_5	0_384	90.027	371	36	1	1	371	1	370	0.0	676
2_6	0_61	66.029	418	132	6	1	410	1	416	0.0	573
2_7	0_144	74.317	366	88	2	1	362	44	407	0.0	553
2_7	0_276	29.861	144	87	6	77	212	46	183	2.48e-04	36.2
2_8	0_240	91.685	457	38	0	111	567	1	457	0.0	893
2_10	0_246	90.909	55	5	0	167	221	1	55	1.17e-31	105
2_11	0_126	77.913	575	97	7	7	571	8	562	0.0	889
2_12	0_110	71.795	702	95	17	1	616	1	685	0.0	863
2_13	0_56	77.461	2418	515	16	663	3063	1	2405	0.0	3505
2_15	0_217	93.640	283	18	0	1	283	1	283	0.0	555
2_16	0_113	56.618	136	45	4	1	127	1	131	5.51e-42	130
2_17	0_235	86.910	657	85	1	53	708	25	681	0.0	1174
2_18	0_117	77.500	760	166	3	1	755	1	760	0.0	1197
2_19	0_364	85.263	475	47	8	1	458	1	469	0.0	775
2_20	0_56	77.461	2418	515	16	663	3063	1	2405	0.0	3505
2_21	0_236	33.333	231	129	7	148	355	161	389	5.10e-28	108
2_21	0_236	36.170	47	29	1	96	141	1	47	1.39e-04	37.7
2_21	0_214	26.368	201	117	4	158	356	437	608	5.62e-12	61.2
2_21	0_280	44.776	67	35	1	302	366	88	154	1.35e-11	57.0
2_21	0_171	38.372	86	48	4	285	366	758	842	1.23e-08	50.8
2_21	0_171	40.741	54	32	0	1	54	347	400	9.32e-08	48.1
2_21	0_300	41.379	58	32	1	303	358	214	271	1.61e-07	46.6
2_22	0_182	88.060	201	22	2	8	207	1	200	6.25e-119	331
2_22	0_41	48.889	90	38	4	61	148	70	153	6.21e-15	65.1
2_22	0_73	50.000	56	28	0	89	144	77	132	2.29e-13	62.0
2_22	0_139	40.476	84	46	2	70	149	45	128	6.70e-12	57.8
2_23	0_114	36.649	382	183	7	24	351	61	437	8.87e-72	225
2_23	0_356	47.170	106	54	2	26	129	11	116	3.89e-27	103
2_23	0_356	38.889	126	55	6	235	351	125	237	2.55e-12	60.8
2_23	0_93	36.207	58	36	1	26	83	6	62	1.21e-06	40.4
2_24	0_53	97.922	385	8	0	1	385	1	385	0.0	792
2_24	0_196	24.265	272	159	6	23	285	288	521	1.04e-16	76.6
2_24	0_196	32.143	112	62	5	284	385	591	698	5.66e-07	45.8
2_25	0_346	98.596	356	5	0	1	356	1	356	0.0	724
2_25	0_212	98.525	339	5	0	1	339	1	339	0.0	688
2_26	0_333	86.510	341	46	0	1	341	1	341	0.0	626
2_26	0_70	28.906	256	140	12	117	337	77	325	3.00e-17	75.9
2_27	0_64	81.587	315	58	0	1	315	1	315	0.0	548
2_28	0_181	33.974	312	191	7	5	305	5	312	7.68e-53	172
2_29	0_202	70.621	1273	247	37	1	1204	1	1215	0.0	1518
2_29	0_27	44.922	256	134	5	947	1200	350	600	1.32e-63	222
2_29	0_131	38.783	263	143	9	946	1202	51	301	4.66e-44	157
2_29	0_149	31.674	221	139	7	991	1201	148	366	1.85e-25	104
2_30	0_220	84.839	310	46	1	1	310	1	309	0.0	534
2_31	0_173	82.158	695	112	5	27	712	34	725	0.0	1164
2_32	0_185	84.615	403	61	1	1	402	1	403	0.0	730
2_33	0_388	66.323	582	171	4	7	585	13	572	0.0	762
2_33	0_390	71.391	381	105	1	209	585	1	381	0.0	580
2_33	0_393	25.952	420	218	16	239	581	28	431	3.68e-34	129
2_34	0_366	76.392	449	105	1	19	467	2	449	0.0	694
2_34	0_239	37.802	455	266	7	20	462	57	506	1.36e-104	316
2_35	0_146	88.791	910	101	1	1	909	1	910	0.0	1691
2_35	0_268	33.333	60	38	1	356	413	205	264	1.74e-04	39.3
2_36	0_288	91.736	121	10	0	28	148	4	124	7.55e-81	242
2_36	0_171	29.607	331	191	9	55	355	184	502	1.40e-30	120
2_36	0_171	50.000	58	29	0	423	480	763	820	6.53e-10	55.8
2_36	0_214	31.739	230	137	9	120	341	21	238	3.52e-20	87.8
2_36	0_214	45.946	74	40	0	412	485	530	603	2.13e-17	79.3
2_36	0_107	24.859	354	194	13	7	347	38	332	7.63e-16	73.9
2_36	0_100	26.596	188	131	4	202	384	76	261	8.03e-12	61.2
2_36	0_300	39.744	78	47	0	403	480	180	257	7.38e-11	57.4
2_36	0_236	33.333	63	42	0	425	487	325	387	8.49e-09	51.6
2_36	0_280	43.182	44	25	0	437	480	89	132	2.01e-05	39.3
2_36	0_30	26.794	209	129	8	195	390	146	343	2.06e-05	40.8
2_36	0_18	35.185	54	35	0	288	341	183	236	2.90e-04	37.0
2_37	0_387	30.720	625	383	15	12	607	196	799	3.79e-78	264
2_37	0_391	29.450	618	396	13	12	602	196	800	9.85e-76	257
2_37	0_394	29.545	616	402	11	12	607	196	799	2.49e-74	253
2_37	0_392	29.085	612	396	11	12	597	196	795	1.83e-70	242
2_37	0_392	21.607	361	191	14	135	448	175	490	2.20e-08	51.6
2_37	0_389	28.595	619	357	17	12	607	196	752	8.00e-59	207
2_38	0_131	36.585	246	146	4	986	1224	60	302	2.09e-40	147
2_38	0_202	35.547	256	134	8	988	1222	967	1212	5.26e-40	157
2_38	0_27	37.255	255	134	9	984	1221	355	600	3.90e-37	144
2_38	0_149	26.756	299	172	11	945	1218	86	362	2.40e-20	89.7
2_40	0_104	83.858	254	41	0	1	254	16	269	5.92e-166	454
2_40	0_42	32.584	89	53	3	6	87	14	102	2.31e-06	42.0
2_41	0_234	74.157	178	46	0	10	187	3	180	7.29e-99	279
2_42	0_353	74.031	258	67	0	24	281	6	263	3.85e-138	385
2_43	0_188	85.654	237	21	3	411	641	1	230	4.63e-139	400
2_43	0_211	79.348	184	22	4	467	641	1	177	6.86e-90	271
2_43	0_231	81.287	171	19	3	477	641	92	255	5.57e-86	264
2_43	0_231	95.122	82	4	0	1	82	1	82	2.78e-51	172
2_44	0_365	67.955	621	181	8	1	608	1	616	0.0	857
2_45	0_275	83.943	984	158	0	1	984	1	984	0.0	1734
2_46	0_263	84.568	324	50	0	1	324	1	324	0.0	576
2_47	0_133	36.364	88	53	1	139	226	66	150	8.64e-09	47.8
2_47	0_15	30.000	80	47	4	1	78	1	73	2.10e-07	45.1
2_47	0_341	24.691	81	52	3	1	78	1	75	2.94e-05	38.5
2_47	0_293	32.353	68	43	3	13	80	22	86	5.13e-05	36.2
2_47	0_62	22.989	87	59	2	1	84	1	82	6.85e-05	37.4
2_48	0_218	87.705	244	30	0	4	247	20	263	1.19e-165	453
2_49	0_34	94.575	424	23	0	1	424	1	424	0.0	820
2_50	0_87	39.412	170	92	5	1	162	9	175	1.10e-34	115
2_51	0_387	30.184	762	510	12	10	756	53	807	1.27e-96	320
2_51	0_391	29.658	789	531	13	10	781	53	834	3.62e-96	319
2_51	0_394	29.024	789	536	13	10	781	53	834	9.01e-89	298
2_51	0_392	28.105	797	543	13	10	786	53	839	7.98e-86	290
2_51	0_389	28.534	764	473	15	10	756	53	760	8.04e-79	268
2_52	0_23	50.769	390	171	5	27	406	14	392	1.25e-117	343
2_52	0_326	32.440	373	224	9	31	395	43	395	4.32e-57	187
2_52	0_68	31.153	321	211	3	65	384	53	364	1.57e-50	171
2_52	0_154	30.816	331	215	7	79	401	77	401	2.82e-45	156
2_54	0_73	72.353	340	56	9	1	330	1	312	7.62e-155	431
2_54	0_182	36.449	107	56	2	26	132	43	137	5.73e-14	64.3
2_54	0_139	42.391	92	47	2	53	141	44	132	1.48e-12	61.6
2_54	0_41	49.180	61	29	1	75	133	90	150	1.24e-11	57.4
2_55	0_296	76.846	596	94	8	1	586	1	562	0.0	837
2_56	0_264	67.870	554	119	17	1	514	1	535	1.01e-162	467
2_57	0_279	68.367	588	164	5	1	572	1	582	0.0	828
2_58	0_339	82.432	148	25	1	1	147	1	148	1.16e-92	266
2_59	0_221	90.658	1049	92	4	1	1049	1	1043	0.0	1954
2_60	0_274	94.105	458	25	1	1	458	1	456	0.0	870
2_61	0_116	84.800	125	19	0	16	140	293	417	1.00e-72	227
2_62	0_288	90.400	125	12	0	1	125	5	129	9.21e-84	241
2_62	0_171	28.571	224	136	7	27	246	184	387	3.17e-16	72.4
2_62	0_214	29.412	136	86	4	111	246	20	145	3.90e-10	54.3
2_62	0_107	24.299	214	115	10	2	208	57	230	6.02e-05	38.1
2_63	0_241	80.957	2216	353	28	1	2192	1	2171	0.0	3333
2_64	0_308	81.875	320	56	1	1	320	1	318	0.0	526
2_65	0_257	61.303	491	175	8	17	494	7	495	0.0	588
2_66	0_8	43.539	356	189	5	57	408	1	348	1.40e-97	290
2_67	0_48	82.069	145	23	1	1	142	1	145	3.72e-79	225
2_69	0_288	86.869	99	13	0	30	128	31	129	1.20e-57	181
2_69	0_171	30.195	308	189	9	30	332	185	471	6.17e-30	117
2_69	0_171	43.662	71	36	1	385	451	750	820	6.25e-10	55.5
2_69	0_214	30.279	251	159	7	114	359	20	259	9.37e-26	104
2_69	0_214	45.946	74	40	0	383	456	530	603	8.01e-18	80.5
2_69	0_107	25.857	321	168	14	21	339	77	329	4.10e-15	71.6
2_69	0_300	39.744	78	47	0	374	451	180	257	1.61e-11	59.3
2_69	0_100	26.380	163	116	2	199	357	76	238	4.68e-11	58.9
2_69	0_236	33.333	63	42	0	396	458	325	387	8.09e-09	51.6
2_69	0_280	42.222	45	26	0	407	451	88	132	6.84e-06	40.8
2_69	0_18	26.549	113	78	1	260	367	158	270	6.37e-04	35.8
2_71	0_119	74.110	927	234	4	1	922	1	926	0.0	1437
2_73	0_161	71.528	144	40	1	13	156	14	156	1.51e-74	218
2_74	0_7	65.141	568	189	5	1	560	1	567	0.0	764
2_76	0_294	82.135	3420	578	2	1	3420	67	3453	0.0	5876
2_76	0_112	81.930	3420	585	2	1	3420	872	4258	0.0	5847
2_76	0_358	34.300	1449	893	15	664	2065	5	1441	0.0	870
2_76	0_135	38.163	849	508	6	331	1169	88	929	0.0	621
2_77	0_131	80.268	299	57	2	17	315	15	311	0.0	515
2_77	0_202	38.202	267	142	11	53	305	956	1213	8.57e-45	157
2_77	0_27	35.802	243	140	8	69	300	360	597	3.39e-38	137
2_77	0_149	29.911	224	138	8	91	300	144	362	2.34e-21	87.8
2_78	0_112	84.057	3663	575	3	23	3677	597	4258	0.0	6416
2_78	0_294	86.508	3454	465	1	224	3677	1	3453	0.0	6263
2_78	0_358	34.485	1447	893	20	954	2355	5	1441	0.0	860
2_78	0_135	38.634	849	504	6	621	1459	88	929	0.0	632
2_79	0_184	76.024	1343	313	5	1	1337	1	1340	0.0	2062
2_80	0_380	90.000	520	51	1	1	519	1	520	0.0	912
2_81	0_123	94.915	177	9	0	257	433	1	177	4.33e-112	349
2_81	0_123	27.857	140	81	5	539	671	80	206	4.85e-06	44.3
2_81	0_123	28.099	121	72	4	712	832	61	166	6.90e-04	37.7
2_81	0_311	28.729	181	109	6	54	234	185	345	2.76e-10	59.3
2_81	0_75	27.419	124	80	5	167	287	334	450	5.56e-04	39.3
2_83	0_20	84.068	703	105	5	1	698	1	701	0.0	1217
2_85	0_155	74.691	810	196	2	541	1341	1	810	0.0	1295
2_86	0_176	88.462	390	43	2	1	389	1	389	0.0	717
2_87	0_252	61.952	1004	321	4	42	1044	11	954	0.0	1212
2_88	0_248	69.136	729	189	12	10	731	1	700	0.0	936
2_89	0_103	74.286	420	107	1	430	849	2	420	0.0	673
2_90	0_31	52.638	872	394	8	1	858	1	867	0.0	882
2_91	0_194	85.828	628	46	3	12	602	11	632	0.0	1055
2_91	0_22	39.474	38	23	0	184	221	62	99	0.001	36.2
2_92	0_228	86.735	392	51	1	1	391	1	392	0.0	702
2_93	0_100	70.745	376	48	4	114	428	65	439	8.09e-177	498
2_93	0_100	82.759	29	5	0	1	29	37	65	9.45e-12	60.8
2_93	0_30	26.768	396	217	11	29	367	51	430	2.05e-34	128
2_95	0_287	90.196	204	20	0	1	204	1	204	4.11e-131	362
2_96	0_379	93.168	322	21	1	1	322	1	321	0.0	559
2_97	0_383	67.658	841	153	6	7	847	8	729	0.0	1063
2_98	0_91	90.743	1534	126	9	1	1524	1	1528	0.0	2703
2_99	0_361	79.191	519	103	4	1	518	1	515	0.0	850
2_100	0_285	97.260	73	2	0	1	73	1	73	5.42e-51	149
2_101	0_117	40.541	37	22	0	27	63	98	134	3.64e-04	37.7
2_102	0_85	83.529	85	14	0	1	85	1	85	7.17e-50	147
2_104	0_75	71.710	1269	338	11	26	1288	2	1255	0.0	1833
2_104	0_208	40.994	161	88	3	1016	1176	281	434	1.34e-35	135
2_104	0_208	28.261	138	83	6	827	964	176	297	3.13e-06	45.4
2_104	0_328	21.600	250	177	7	1016	1262	207	440	1.54e-08	53.1
2_104	0_328	29.703	101	53	4	1030	1121	571	662	4.42e-07	48.5
2_104	0_344	27.826	115	73	4	1002	1113	106	213	4.10e-07	47.0
2_104	0_311	23.770	122	83	3	620	741	136	247	6.07e-05	41.2
2_105	0_244	75.382	654	135	8	1	635	1	647	0.0	949
2_106	0_114	44.948	287	143	5	23	304	61	337	2.68e-72	226
2_106	0_356	44.737	114	57	3	25	132	11	124	1.58e-26	101
2_106	0_356	37.500	136	76	5	215	348	107	235	3.40e-13	63.5
2_106	0_93	55.882	34	15	0	49	82	29	62	4.13e-07	41.6
2_107	0_342	69.163	454	138	2	19	470	32	485	0.0	661
2_107	0_151	70.548	146	43	0	325	470	1	146	3.46e-72	219
2_107	0_22	21.896	443	310	12	39	465	43	465	6.06e-19	83.6
2_107	0_186	23.944	142	90	3	119	243	193	333	0.001	35.8
2_108	0_177	25.000	180	117	5	1	163	1	179	1.29e-14	63.9
2_109	0_36	87.211	563	71	1	1	562	1	563	0.0	993
2_110	0_51	88.660	97	11	0	40	136	20	116	3.14e-57	187
2_110	0_379	31.579	114	65	3	109	210	208	320	2.28e-06	45.4
2_111	0_66	84.426	122	19	0	1	122	1	122	8.56e-70	200
2_112	0_206	49.402	836	375	17	1	795	1	829	0.0	725
2_113	0_188	85.957	235	21	3	411	638	1	230	3.12e-139	400
2_113	0_211	78.571	182	24	4	467	638	1	177	3.71e-88	267
2_113	0_231	80.473	169	21	3	477	638	92	255	4.46e-84	259
2_113	0_231	93.976	83	5	0	1	83	1	83	3.28e-51	172
2_114	0_44	37.681	138	55	1	66	203	2	108	3.59e-32	115
2_115	0_71	74.132	634	155	6	2	627	3	635	0.0	969
2_116	0_157	93.484	5724	311	16	1	5671	1	5715	0.0	10883
2_118	0_163	94.828	174	9	0	1	174	1	174	2.55e-122	337
2_119	0_2	79.188	591	118	4	1	588	1	589	0.0	986
2_120	0_338	71.311	122	32	1	2	120	120	241	3.71e-64	190
2_121	0_92	80.710	451	87	0	1	451	1	451	0.0	787
2_121	0_199	22.642	371	233	11	94	420	506	866	1.78e-13	67.0
2_122	0_165	86.667	540	68	3	1	539	1	537	0.0	937
2_123	0_210	81.206	564	85	10	51	606	51	601	0.0	629
2_123	0_331	48.000	50	26	0	241	290	293	342	4.09e-11	59.3
2_125	0_88	54.485	301	132	4	93	392	1	297	2.88e-112	325
2_126	0_337	61.856	194	68	3	225	415	2	192	2.73e-74	225
2_128	0_171	27.074	229	123	6	20	216	400	616	1.14e-15	70.1
2_128	0_214	27.451	153	99	5	70	215	236	383	3.62e-07	44.7
2_128	0_107	25.658	152	94	6	36	174	261	406	2.50e-05	38.9
2_129	0_297	85.922	206	29	0	1	206	1	206	8.90e-116	323
2_130	0_313	91.224	490	43	0	1	490	15	504	0.0	926
2_132	0_108	82.637	1388	215	16	1	1374	1	1376	0.0	2254
2_133	0_168	54.321	729	253	13	235	898	216	929	0.0	721
2_133	0_168	33.708	89	50	2	860	939	990	1078	7.62e-07	47.4
2_133	0_168	21.402	271	155	7	520	741	215	476	1.27e-04	40.0
2_133	0_148	26.121	379	234	14	201	574	287	624	9.13e-25	105
2_133	0_148	24.396	414	243	16	363	765	318	672	4.25e-22	96.7
2_133	0_148	24.728	368	226	14	127	487	317	640	8.76e-16	76.3
2_133	0_148	24.798	371	230	15	105	465	318	649	1.55e-15	75.5
2_133	0_148	22.455	334	197	11	391	721	289	563	6.55e-12	63.5
2_133	0_148	21.898	274	136	13	477	723	286	508	1.12e-07	50.1
2_133	0_67	25.106	235	142	4	363	585	130	342	8.97e-20	87.4
2_133	0_67	25.893	224	146	5	229	444	124	335	9.55e-11	59.3
2_133	0_67	22.433	263	140	10	406	655	118	329	1.96e-07	48.5
2_133	0_67	23.810	210	126	6	542	743	118	301	1.31e-05	42.7
2_133	0_67	21.631	282	183	10	133	402	95	350	0.001	37.0
2_133	0_334	23.756	442	207	15	268	700	181	501	1.56e-19	88.2
2_133	0_334	26.260	377	214	14	160	504	152	496	3.50e-19	87.0
2_133	0_334	24.403	377	233	12	105	467	154	492	6.31e-19	85.9
2_133	0_334	20.652	368	203	12	391	723	93	406	5.81e-09	53.9
2_133	0_334	22.492	329	194	12	548	869	88	362	1.55e-05	42.7
2_133	0_281	22.741	343	208	8	331	666	12	304	4.63e-15	72.8
2_133	0_281	23.030	330	196	14	127	441	11	297	3.30e-13	67.0
2_133	0_281	21.203	349	218	12	410	740	2	311	5.00e-09	53.5
2_134	0_3	90.620	629	59	0	1	629	1	629	0.0	1219
2_135	0_370	52.451	1224	531	15	1	1191	1	1206	0.0	1239
2_136	0_140	91.342	693	47	6	1	692	1	681	0.0	1167
2_136	0_371	34.772	417	245	7	181	596	4	394	2.99e-65	216
2_137	0_355	72.832	173	44	1	136	308	1	170	3.86e-91	263
2_137	0_238	45.736	258	137	2	12	268	8	263	1.52e-80	240
2_138	0_310	81.626	615	112	1	2	615	1	615	0.0	1062
2_139	0_188	86.266	233	28	2	411	642	1	230	9.56e-139	399
2_139	0_211	79.444	180	30	3	467	642	1	177	2.42e-88	267
2_139	0_231	81.437	167	27	2	477	642	92	255	1.58e-84	260
2_139	0_231	93.976	83	5	0	1	83	1	83	4.55e-51	172
2_141	0_27	96.825	252	8	0	546	797	351	602	0.0	538
2_141	0_27	63.957	369	96	12	1	347	1	354	1.41e-118	365
2_141	0_202	44.487	263	135	6	540	795	953	1211	1.69e-63	226
2_141	0_131	33.818	275	163	9	526	792	33	296	9.38e-39	140
2_141	0_149	30.357	224	145	5	582	796	145	366	3.67e-33	126
2_142	0_63	76.259	278	61	4	5	279	17	292	6.45e-154	426
2_143	0_203	30.682	88	57	1	451	538	8	91	7.47e-10	51.6
2_144	0_238	78.058	278	61	0	1	278	1	278	1.68e-158	437
2_144	0_355	52.740	146	69	0	131	276	1	146	1.09e-52	164
2_145	0_369	72.065	247	67	1	1	245	1	247	1.14e-128	359
2_146	0_196	78.720	1391	272	13	1	1377	1	1381	0.0	2235
2_146	0_53	25.373	268	155	6	291	520	23	283	1.70e-17	80.5
2_146	0_53	32.258	93	52	4	592	682	284	367	7.28e-05	40.8
2_147	0_178	87.419	310	33	1	1	304	1	310	0.0	561
2_149	0_299	30.435	253	166	4	5	255	238	482	3.51e-36	129
2_150	0_270	87.456	566	71	0	1	566	6	571	0.0	1063
2_151	0_26	59.375	64	18	2	69	132	53	108	4.01e-19	72.0
2_152	0_12	84.419	430	65	2	18	445	1	430	0.0	755
2_153	0_74	87.302	252	32	0	7	258	8	259	1.92e-176	481
2_153	0_111	87.111	225	29	0	34	258	1	225	5.17e-157	430
2_154	0_56	77.461	2418	515	16	663	3063	1	2405	0.0	3505
2_155	0_188	84.322	236	25	3	411	640	1	230	7.41e-136	392
2_155	0_211	77.596	183	26	4	467	640	1	177	4.64e-87	264
2_155	0_231	79.412	170	23	3	477	640	92	255	6.33e-83	256
2_155	0_231	93.976	83	5	0	1	83	1	83	3.81e-51	172
2_156	0_335	49.901	507	176	9	7	510	2	433	4.55e-163	464
2_157	0_97	97.321	112	3	0	1	112	15	126	1.19e-78	222
2_158	0_22	62.474	477	162	3	5	472	1	469	0.0	612
2_158	0_342	24.645	422	285	14	68	468	71	480	1.13e-22	95.1
2_158	0_151	30.612	147	89	7	328	468	2	141	9.42e-12	57.4
2_159	0_267	84.502	542	80	3	1	540	1	540	0.0	900
2_160	0_328	93.445	778	51	0	51	828	1	778	0.0	1488
2_160	0_344	30.088	226	142	8	142	360	7	223	1.61e-20	85.9
2_160	0_344	28.638	213	127	8	512	710	17	218	3.89e-19	82.0
2_160	0_208	26.923	260	171	7	465	714	132	382	3.37e-18	82.4
2_160	0_208	24.757	206	138	6	155	355	185	378	1.37e-14	71.2
2_160	0_213	25.090	279	171	9	131	384	239	504	5.47e-17	79.3
2_160	0_213	24.107	336	184	13	509	781	252	579	1.40e-13	68.6
2_160	0_243	23.276	232	158	5	508	724	19	245	4.85e-11	59.3
2_160	0_243	26.016	123	79	4	264	378	135	253	3.22e-07	47.4
2_160	0_75	24.155	207	127	8	621	813	996	1186	1.49e-08	52.8
2_160	0_75	21.622	148	109	4	257	397	982	1129	1.12e-07	49.7
2_161	0_88	49.675	308	138	8	94	394	1	298	5.86e-97	286
2_162	0_299	39.286	280	157	6	7	281	211	482	7.15e-54	176
2_163	0_40	87.838	1036	125	1	1	1035	1	1036	0.0	1859
2_164	0_306	83.005	559	79	7	1	543	1	559	0.0	915
2_165	0_368	98.473	262	4	0	1	262	1	262	0.0	537
2_165	0_256	25.118	211	145	4	34	242	72	271	2.48e-15	68.6
2_166	0_349	58.750	80	31	1	46	125	42	119	5.61e-28	94.7
2_167	0_158	44.886	176	88	2	3	169	282	457	2.09e-35	123
2_167	0_330	40.331	181	99	4	3	175	192	371	3.72e-33	116
2_167	0_72	33.721	86	48	4	3	80	71	155	1.01e-06	41.2
2_168	0_325	90.909	176	16	0	1	176	1	176	2.87e-123	339
2_169	0_201	82.027	523	80	4	1	515	1	517	0.0	890
2_169	0_277	67.045	176	44	4	348	515	3	172	7.64e-72	221
2_171	0_188	78.977	176	25	3	1	170	61	230	2.46e-93	266
2_171	0_211	79.191	173	24	3	4	170	11	177	5.04e-92	260
2_171	0_231	78.235	170	25	3	7	170	92	255	6.59e-88	253
2_172	0_13	84.651	1075	155	8	1	1072	1	1068	0.0	1470
2_173	0_232	92.547	161	12	0	1	161	1	161	2.27e-100	280
2_174	0_89	85.076	4409	648	8	1	4405	1	4403	0.0	7856
2_175	0_25	82.301	226	40	0	1	226	1	226	1.80e-142	392
2_176	0_86	84.469	367	56	1	6	372	4	369	0.0	624
2_177	0_225	93.431	4917	313	6	1	4912	1	4912	0.0	9393
2_178	0_262	100.000	198	0	0	1	198	1	198	1.30e-151	413
2_179	0_289	36.709	79	49	1	24	102	21	98	1.08e-12	57.0
2_179	0_125	37.179	78	47	2	26	102	76	152	5.76e-12	55.1
2_179	0_5	34.211	76	50	0	26	101	28	103	3.24e-10	50.1
2_180	0_266	90.400	125	12	0	1	125	1	125	7.11e-78	221
2_181	0_382	96.850	127	4	0	1	127	1	127	3.97e-91	254
2_182	0_311	92.545	550	39	1	1	548	1	550	0.0	1055
2_182	0_75	25.926	162	102	6	207	355	565	721	2.18e-06	44.7
2_182	0_75	29.032	124	76	6	134	245	582	705	3.03e-05	41.2
2_182	0_75	24.747	198	133	8	209	391	255	451	6.96e-04	36.6
2_183	0_282	88.939	443	42	5	1	441	1	438	0.0	786
2_183	0_143	51.691	207	74	3	84	267	171	374	1.08e-64	214
2_184	0_122	55.287	331	127	8	136	450	1	326	1.80e-91	275
2_185	0_359	84.507	284	42	1	10	293	7	288	3.29e-177	505
2_185	0_359	28.750	160	107	2	341	494	110	268	1.28e-16	75.9
2_185	0_359	24.432	176	117	7	557	724	116	283	9.05e-06	42.7
2_186	0_255	86.447	273	36	1	1	273	1	272	1.78e-166	457
2_187	0_105	72.531	324	86	3	1	323	1	322	1.03e-173	479
2_188	0_385	86.667	90	12	0	19	108	18	107	1.45e-52	155
2_189	0_314	92.174	115	9	0	1	115	1	115	2.05e-78	221
2_190	0_162	82.353	102	15	2	3	103	2	101	4.70e-53	168
2_191	0_253	50.628	239	100	7	2	236	7	231	2.71e-70	213
2_191	0_192	34.979	243	138	7	6	236	1	235	3.05e-35	123
2_191	0_260	23.322	283	178	9	14	283	5	261	1.18e-05	40.4
2_192	0_293	41.584	101	51	4	257	355	7	101	4.99e-16	69.7
2_192	0_15	38.372	86	53	0	987	1072	287	372	9.76e-14	68.6
2_192	0_15	36.842	76	45	2	1	76	1	73	1.01e-09	56.2
2_192	0_341	36.364	77	46	2	1	76	1	75	8.24e-12	61.6
2_192	0_62	38.028	71	41	2	1	70	1	69	1.04e-10	58.5
2_195	0_0	89.558	249	26	0	1	249	1	249	1.24e-171	468
2_199	0_161	71.528	144	40	1	13	156	14	156	1.57e-70	221
2_200	0_102	75.714	280	67	1	1	280	1	279	1.57e-165	457
2_201	0_10	57.460	315	105	8	28	326	23	324	1.46e-78	238
2_202	0_226	81.256	971	143	9	11	973	1	940	0.0	1493
2_202	0_170	30.303	264	164	8	721	972	192	447	2.29e-24	104
2_203	0_237	91.234	1734	142	8	1	1727	1	1731	0.0	3211
2_204	0_88	48.515	303	148	6	99	397	1	299	3.53e-99	292
2_205	0_209	85.714	196	28	0	1	196	1	196	5.34e-129	355
2_207	0_138	67.722	474	150	2	1	471	1	474	0.0	668
2_208	0_42	67.669	266	83	2	7	269	9	274	1.80e-134	375
2_208	0_104	37.079	89	50	2	12	100	21	103	1.92e-09	51.6
2_209	0_68	53.425	365	163	2	1	359	1	364	1.28e-130	376
2_209	0_326	36.923	325	191	5	53	369	76	394	3.42e-75	233
2_209	0_154	33.155	374	231	6	14	369	22	394	3.51e-59	192
2_209	0_23	30.270	370	222	7	25	369	22	380	4.84e-46	157
2_210	0_254	89.456	607	49	6	1	603	3	598	0.0	1103
2_211	0_1	95.890	438	18	0	1	438	1	438	0.0	880
2_211	0_164	95.662	438	19	0	1	438	1	438	0.0	879
2_212	0_6	98.810	168	2	0	1	168	1	168	1.75e-122	337
2_213	0_338	81.743	241	44	0	1	241	1	241	5.20e-153	420
2_214	0_78	94.674	582	30	1	24	605	65	645	0.0	1088
2_215	0_67	77.518	427	91	2	1	422	1	427	0.0	688
2_215	0_148	36.139	202	119	3	128	327	403	596	8.70e-37	137
2_215	0_148	33.663	202	123	3	128	327	432	624	1.72e-35	133
2_215	0_148	31.982	222	141	3	125	344	343	556	7.59e-32	122
2_215	0_148	34.118	170	101	3	128	295	488	648	2.12e-28	112
2_215	0_148	31.443	194	120	5	138	327	298	482	2.10e-23	97.4
2_215	0_148	29.012	162	104	3	116	274	504	657	5.34e-21	90.1
2_215	0_148	25.676	148	76	2	214	327	278	425	4.24e-11	59.3
2_215	0_148	30.000	80	54	1	251	328	290	369	1.41e-06	44.7
2_215	0_334	31.188	202	133	2	127	327	241	437	3.71e-36	135
2_215	0_334	33.333	213	126	4	130	334	183	387	2.14e-31	121
2_215	0_334	31.034	203	120	3	97	298	309	492	4.34e-24	99.4
2_215	0_334	30.851	188	120	5	165	342	152	339	2.30e-21	90.9
2_215	0_281	36.025	161	101	2	165	323	10	170	1.36e-27	108
2_215	0_281	37.241	145	90	1	184	327	1	145	6.96e-27	105
2_215	0_281	27.715	267	171	5	116	371	83	338	2.52e-26	104
2_215	0_168	25.692	253	140	8	130	334	310	562	1.29e-18	82.8
2_215	0_168	23.611	216	108	9	164	327	181	391	7.86e-08	48.9
2_215	0_168	25.483	259	148	11	130	360	501	742	1.90e-07	47.8
2_215	0_168	24.017	229	140	8	128	326	425	649	1.56e-05	41.6
2_215	0_168	20.478	293	190	11	130	385	630	916	3.43e-05	40.4
2_215	0_175	25.806	124	76	5	161	268	40	163	4.53e-05	38.5
2_216	0_386	90.457	503	48	0	1	503	1	503	0.0	952
2_216	0_394	23.661	224	142	8	287	486	311	529	9.11e-05	39.3
2_217	0_332	91.408	547	40	2	1	540	2	548	0.0	860
2_218	0_222	61.972	142	54	0	3	144	2	143	2.76e-57	170
2_220	0_378	74.952	523	116	3	15	522	14	536	0.0	739
2_221	0_82	85.832	487	69	0	1	487	1	487	0.0	884
2_222	0_286	91.139	474	36	3	64	536	1	469	0.0	883
2_223	0_296	78.358	402	85	1	17	416	1	402	0.0	663
2_225	0_171	43.069	808	424	13	5	791	50	842	0.0	636
2_225	0_107	39.216	459	177	5	68	526	53	409	5.96e-96	303
2_225	0_214	26.094	617	377	18	195	769	19	598	2.08e-40	152
2_225	0_236	25.130	386	203	11	458	780	27	389	3.33e-14	69.7
2_225	0_300	23.235	340	183	12	456	786	4	274	5.43e-10	55.5
2_225	0_280	39.130	69	42	0	724	792	87	155	2.24e-09	51.6
2_225	0_100	27.559	127	92	0	288	414	89	215	9.53e-09	52.8
2_226	0_145	93.810	210	13	0	1	210	1	210	5.82e-143	392
2_227	0_377	44.037	109	61	0	1	109	1	109	3.68e-22	81.3
2_228	0_152	88.955	335	35	1	1	333	1	335	0.0	609
2_229	0_88	52.145	303	126	9	98	389	1	295	1.19e-100	296
2_230	0_323	77.439	492	106	2	1	487	1	492	0.0	808
2_231	0_198	91.266	229	20	0	1	229	1	229	5.47e-153	419
2_232	0_303	53.529	170	72	3	1	165	1	168	2.60e-56	169
2_233	0_343	93.922	510	30	1	1	510	1	509	0.0	939
2_234	0_392	29.032	93	58	3	28	114	173	263	3.45e-06	42.7
2_234	0_389	30.108	93	57	3	28	114	173	263	1.32e-05	40.8
2_234	0_387	30.108	93	57	3	28	114	173	263	1.44e-05	40.8
2_234	0_13	24.719	89	67	0	23	111	296	384	1.48e-04	37.4
2_234	0_391	26.882	93	60	3	28	114	173	263	3.59e-04	36.2
2_235	0_315	87.634	655	81	0	1	655	1	655	0.0	1214
2_236	0_9	82.857	210	35	1	1	209	1	210	9.66e-105	295
2_237	0_50	43.750	192	108	0	180	371	233	424	2.26e-48	169
2_237	0_116	24.585	301	197	7	36	322	531	815	5.04e-15	72.0
2_238	0_49	53.896	154	51	1	19	152	1	154	2.97e-51	157
2_239	0_147	75.087	574	110	13	1	559	1	556	0.0	759
2_240	0_336	87.214	524	63	2	1	524	3	522	0.0	953
2_241	0_143	91.840	674	34	7	1	670	1	657	0.0	1018
2_241	0_282	51.208	207	75	3	174	377	84	267	6.45e-64	215
2_242	0_130	82.723	191	32	1	1	191	1	190	3.94e-118	328
2_243	0_44	40.816	147	54	2	129	275	1	114	2.07e-30	110
2_244	0_273	91.460	644	54	1	1	643	1	644	0.0	1246
2_245	0_253	47.644	191	83	6	138	325	53	229	5.80e-45	150
2_245	0_192	32.642	193	108	6	143	323	49	231	6.75e-24	94.7
2_245	0_260	24.464	233	150	6	142	374	55	261	3.74e-05	39.7
2_246	0_148	88.262	869	83	6	1	867	1	852	0.0	1552
2_246	0_334	31.988	347	215	7	330	663	152	490	1.06e-51	187
2_246	0_334	29.134	381	220	8	289	652	171	518	4.18e-47	173
2_246	0_334	24.786	117	61	1	551	667	144	233	4.66e-04	37.7
2_246	0_281	32.753	287	182	4	387	663	8	293	7.22e-48	170
2_246	0_281	32.283	254	170	2	410	662	3	255	4.30e-40	147
2_246	0_281	28.912	294	195	6	330	613	10	299	1.30e-35	134
2_246	0_281	33.508	191	122	5	466	653	2	190	4.54e-30	118
2_246	0_281	30.357	56	39	0	608	663	2	57	1.47e-05	42.4
2_246	0_67	36.283	226	122	5	391	614	130	335	1.46e-40	149
2_246	0_67	36.893	206	115	5	446	638	128	331	5.97e-40	147
2_246	0_67	33.023	215	130	3	355	557	123	335	9.36e-33	126
2_246	0_67	35.057	174	98	3	502	662	128	299	8.18e-29	114
2_246	0_67	32.642	193	115	3	474	653	128	318	1.00e-28	114
2_246	0_67	33.036	112	72	2	328	439	223	331	2.01e-17	80.1
2_246	0_67	27.638	199	136	5	296	494	166	356	3.01e-17	79.3
2_246	0_168	24.752	404	223	14	305	638	163	555	7.00e-25	105
2_246	0_168	25.857	321	197	11	358	650	157	464	2.72e-15	74.7
2_246	0_168	23.181	371	228	17	303	638	370	718	1.79e-12	65.5
2_246	0_316	21.488	242	165	7	331	555	681	914	7.77e-07	47.0
2_246	0_316	23.176	233	136	8	391	582	682	912	6.73e-06	43.9
2_246	0_175	25.620	121	70	5	476	593	46	149	3.81e-04	37.0
2_247	0_214	47.222	180	91	3	62	240	32	208	1.19e-52	174
2_247	0_171	28.788	198	128	7	50	239	257	449	5.49e-14	65.5
2_247	0_107	23.577	246	127	9	24	240	88	301	4.56e-08	47.4
2_248	0_176	29.245	106	73	1	54	159	12	115	1.62e-08	51.2
2_249	0_153	96.957	230	7	0	1	230	1	230	7.15e-169	459
2_250	0_190	68.120	367	114	2	4	369	3	367	0.0	518
2_251	0_351	83.544	158	25	1	12	168	21	178	4.62e-97	273
2_252	0_4	75.990	404	94	3	1	403	1	402	0.0	671
2_253	0_233	39.785	186	109	1	4	186	75	260	3.40e-36	127
2_254	0_193	72.611	157	43	0	1	157	1	157	4.94e-84	239
2_255	0_317	76.794	418	88	4	1	417	1	410	0.0	644
2_257	0_357	56.317	2889	1072	69	1	2801	1	2787	0.0	2608
2_259	0_129	99.093	551	5	0	1	551	1	551	0.0	1111
2_260	0_276	67.033	182	59	1	4	184	5	186	8.40e-86	246
2_260	0_99	30.818	159	95	3	29	178	31	183	8.88e-12	57.4
2_262	0_167	45.860	157	82	1	4	160	5	158	1.19e-46	144
2_263	0_229	79.836	610	108	9	1	600	1	605	0.0	868
2_264	0_188	88.261	230	25	2	411	638	1	230	5.98e-139	399
2_264	0_211	81.356	177	28	3	467	638	1	177	3.03e-88	267
2_264	0_231	83.537	164	25	2	477	638	92	255	5.07e-84	259
2_264	0_231	93.976	83	5	0	1	83	1	83	3.63e-51	172
2_265	0_103	36.700	406	247	8	420	820	20	420	1.32e-82	265
2_266	0_192	30.859	256	143	6	11	253	1	235	8.41e-27	101
2_266	0_253	27.200	250	134	9	12	248	12	226	1.41e-18	77.8
2_266	0_260	42.373	59	31	2	62	119	60	116	4.87e-06	41.6
2_270	0_367	92.652	313	23	0	25	337	1	313	0.0	600
2_272	0_160	74.211	380	94	2	1	377	1	379	0.0	587
2_273	0_319	87.000	300	39	0	1	300	1	300	0.0	551
2_274	0_144	29.808	208	107	8	318	522	86	257	1.15e-09	56.2
2_274	0_144	31.737	167	103	8	229	391	88	247	2.68e-06	45.4
2_274	0_144	24.473	237	139	9	550	785	52	249	4.61e-04	38.5
2_276	0_99	38.153	498	247	4	16	457	7	499	1.22e-109	329
2_277	0_195	51.961	102	44	3	1	101	1	98	1.21e-25	94.4
2_279	0_186	72.482	556	138	4	1	543	1	554	0.0	793
2_279	0_342	21.963	428	241	15	158	532	92	479	1.03e-05	42.4
2_280	0_249	68.165	267	78	4	1	264	1	263	1.17e-118	335
2_281	0_65	79.089	856	136	9	1	814	1	855	0.0	1310
2_282	0_326	65.333	225	78	0	13	237	2	226	3.72e-104	311
2_282	0_326	65.054	186	54	4	288	466	214	395	2.56e-75	237
2_282	0_68	29.310	406	221	8	54	455	21	364	3.71e-56	187
2_282	0_23	31.935	429	225	12	51	470	15	385	1.37e-46	161
2_282	0_154	27.419	434	259	13	44	472	19	401	2.09e-41	147
2_283	0_215	65.503	487	119	14	1	454	1	471	1.23e-169	480
2_284	0_223	80.295	543	106	1	1	542	1	543	0.0	865
2_285	0_60	66.514	436	134	3	1	432	1	428	0.0	592
2_286	0_214	50.442	452	175	4	152	554	1	452	5.73e-152	444
2_286	0_171	26.712	438	274	15	86	507	186	592	1.17e-34	134
2_286	0_300	37.333	150	72	3	423	553	1	147	4.84e-27	105
2_286	0_107	22.986	422	219	15	86	497	87	412	7.99e-21	90.1
2_286	0_100	22.917	192	137	3	253	439	86	271	1.34e-07	48.1
2_286	0_30	21.970	264	177	10	274	520	180	431	9.11e-07	45.4
2_286	0_18	27.737	137	95	3	301	435	151	285	1.39e-06	44.3
2_286	0_288	33.898	59	34	1	71	124	18	76	2.55e-05	38.9
2_287	0_170	83.333	1362	210	11	64	1419	1	1351	0.0	2282
2_287	0_226	29.614	233	150	7	275	501	711	935	5.68e-24	103
2_288	0_19	81.868	364	54	4	1	361	1	355	0.0	570
2_288	0_80	44.776	67	37	0	133	199	70	136	1.92e-13	63.9
2_289	0_331	92.671	423	29	2	1	421	1	423	0.0	723
2_289	0_210	48.000	50	26	0	292	341	245	294	1.52e-11	60.5
2_290	0_227	94.828	232	12	0	1	232	1	232	3.78e-170	462
2_291	0_256	95.652	276	12	0	1	276	1	276	0.0	559
2_291	0_368	24.171	211	147	4	72	271	34	242	1.24e-14	66.6
2_292	0_80	80.989	263	36	6	1	254	1	258	7.25e-130	363
2_292	0_19	44.776	67	37	0	71	137	133	199	1.37e-13	63.9
2_293	0_265	94.700	868	46	0	1	868	1	868	0.0	1716
2_294	0_243	60.059	338	132	2	7	344	14	348	1.01e-146	413
2_294	0_344	29.646	226	140	7	8	227	9	221	1.55e-18	78.2
2_294	0_213	23.867	331	213	12	18	321	257	575	1.35e-17	78.2
2_294	0_328	23.127	307	193	7	12	318	458	721	1.65e-12	62.8
2_294	0_328	22.530	253	172	8	3	246	91	328	1.89e-12	62.8
2_294	0_75	28.155	103	55	3	128	221	989	1081	5.11e-04	36.2
2_295	0_278	92.877	351	20	1	1	351	1	346	0.0	639
2_296	0_354	66.406	128	38	3	1	127	1	124	3.86e-59	173
2_298	0_48	55.147	136	27	1	19	120	10	145	2.81e-46	141
2_299	0_373	86.080	352	45	1	48	395	10	361	0.0	650
2_299	0_169	78.878	303	64	0	67	369	24	326	0.0	514
2_299	0_236	48.889	45	22	1	336	379	390	434	1.44e-06	44.3
2_300	0_115	66.220	373	78	7	257	617	88	424	7.30e-129	380
2_300	0_115	58.491	106	37	3	1	102	1	103	7.79e-24	99.0
2_300	0_301	82.143	112	18	1	506	617	9	118	6.17e-62	196
2_301	0_166	38.071	197	108	6	41	225	76	270	4.30e-37	126
2_302	0_90	90.868	438	38	2	1	438	1	436	0.0	840
2_303	0_334	87.199	664	76	4	1	664	1	655	0.0	1154
2_303	0_148	32.565	347	213	7	156	494	316	649	1.24e-53	192
2_303	0_148	22.381	210	111	5	80	237	444	653	8.06e-06	43.1
2_303	0_281	31.757	296	165	6	204	498	1	260	1.89e-39	145
2_303	0_281	25.000	312	174	12	88	356	2	296	1.22e-16	77.0
2_303	0_281	25.352	213	120	7	83	275	110	303	4.22e-11	59.7
2_303	0_67	33.659	205	126	3	246	441	128	331	5.64e-38	140
2_303	0_67	36.019	211	115	4	182	380	125	327	3.20e-35	133
2_303	0_67	30.126	239	150	3	306	528	128	365	3.59e-31	121
2_303	0_67	24.696	247	116	5	97	343	170	346	1.73e-17	79.7
2_303	0_168	26.014	419	227	16	94	469	177	555	7.67e-23	98.2
2_303	0_168	27.401	354	209	15	158	469	371	718	4.14e-20	89.4
2_303	0_168	25.556	270	178	8	248	499	184	448	5.21e-16	76.3
2_303	0_168	22.171	433	233	15	156	505	282	693	5.35e-12	63.2
2_303	0_168	24.860	358	190	14	97	384	370	718	6.46e-12	63.2
2_303	0_168	23.423	222	137	6	214	409	663	877	7.87e-04	37.0
2_303	0_175	30.833	120	70	3	187	296	46	162	2.76e-08	48.9
2_303	0_175	30.000	130	76	3	353	467	35	164	3.15e-08	48.5
2_303	0_175	40.741	54	31	1	447	499	44	97	9.53e-06	41.2
2_303	0_175	27.200	125	75	5	306	414	44	168	1.12e-05	41.2
2_303	0_316	22.180	266	149	11	248	494	682	908	2.96e-04	38.1
2_304	0_284	76.293	464	108	1	1	462	4	467	0.0	749
2_305	0_136	31.250	144	99	0	4	147	3	146	1.13e-13	59.3
2_306	0_387	35.637	463	293	5	1	461	63	522	7.36e-81	273
2_306	0_387	34.286	175	112	3	491	663	629	802	1.03e-27	114
2_306	0_391	34.773	463	297	5	1	461	63	522	2.71e-79	269
2_306	0_391	34.857	175	111	3	491	663	629	802	2.52e-29	119
2_306	0_394	34.177	474	305	6	1	470	63	533	4.01e-78	266
2_306	0_394	34.857	175	111	3	491	663	629	802	2.27e-26	109
2_306	0_392	33.333	465	301	7	1	461	63	522	4.89e-71	245
2_306	0_392	34.911	169	107	3	491	657	629	796	8.96e-26	107
2_306	0_389	33.693	463	262	7	1	461	63	482	5.91e-68	235
2_306	0_389	32.000	175	109	4	491	663	589	755	4.11e-23	99.0
2_307	0_69	89.051	137	14	1	156	292	1	136	9.73e-86	251
2_307	0_324	35.616	292	171	8	13	292	68	354	1.91e-50	169
2_307	0_132	32.353	102	69	0	189	290	1	102	4.67e-16	72.0
2_307	0_283	25.980	204	133	7	12	202	43	241	5.87e-13	62.0
2_307	0_159	36.066	61	39	0	235	295	14	74	3.25e-09	50.1
2_307	0_247	20.472	127	98	2	169	292	4	130	1.82e-07	46.2
2_307	0_57	31.818	66	44	1	186	250	3	68	3.59e-06	41.2
2_308	0_134	44.231	156	73	5	1	151	1	147	6.59e-33	108
2_308	0_187	44.231	156	73	5	1	151	18	164	1.10e-32	108
2_309	0_44	55.862	145	33	1	63	207	1	114	4.85e-50	165
2_310	0_242	69.370	826	214	10	84	897	32	830	0.0	1094
2_311	0_171	53.612	263	119	2	1	260	286	548	3.40e-85	272
2_311	0_171	53.261	92	41	1	276	367	739	828	1.63e-27	109
2_311	0_171	49.485	97	46	1	182	275	538	634	5.37e-22	93.2
2_311	0_107	38.727	377	168	7	1	361	167	496	2.19e-63	207
2_311	0_214	29.630	216	140	6	1	212	51	258	6.06e-15	70.9
2_311	0_214	43.548	62	35	0	303	364	542	603	1.26e-09	54.3
2_311	0_236	37.333	75	47	0	287	361	308	382	1.44e-09	53.9
2_311	0_280	38.889	54	33	0	314	367	87	140	4.81e-07	43.9
2_311	0_300	34.848	66	41	1	295	360	195	258	1.22e-06	44.3
2_311	0_100	23.611	144	110	0	50	193	77	220	4.90e-05	39.7
2_312	0_302	89.822	786	79	1	1	785	1	786	0.0	1440
2_313	0_375	88.776	784	79	6	1	780	1	779	0.0	1364
2_314	0_116	57.426	101	43	0	27	127	217	317	3.36e-35	122
2_315	0_128	94.970	338	13	1	1	338	1	334	0.0	667
2_315	0_96	52.632	38	17	1	47	84	41	77	1.85e-06	41.6
2_316	0_127	74.444	180	46	0	2	181	5	184	3.65e-103	289
2_317	0_358	71.191	1444	408	5	404	1839	1	1444	0.0	2177
2_317	0_294	33.282	3236	1984	50	4	3189	343	3453	0.0	1811
2_317	0_112	33.271	3231	1991	50	4	3189	1148	4258	0.0	1801
2_317	0_135	45.570	869	452	6	54	922	84	931	0.0	753
2_318	0_207	84.255	470	46	3	1	443	1	469	0.0	668
2_319	0_81	76.769	848	195	2	1	848	1	846	0.0	1313
2_320	0_44	43.165	139	48	1	65	203	2	109	4.40e-34	120
2_321	0_41	98.469	196	3	0	70	265	1	196	1.01e-144	398
2_321	0_182	50.704	71	33	1	152	222	73	141	2.69e-14	64.7
2_321	0_73	49.180	61	29	1	159	219	75	133	5.27e-11	56.2
2_321	0_139	36.471	85	41	3	137	211	35	116	1.16e-07	46.2
2_322	0_358	67.618	1436	454	6	1233	2658	1	1435	0.0	2038
2_322	0_294	30.945	3587	2281	55	492	4016	1	3453	0.0	1728
2_322	0_112	30.476	3593	2290	56	492	4016	806	4258	0.0	1703
2_322	0_135	42.808	869	475	5	883	1751	84	930	0.0	694
2_323	0_387	94.624	1023	52	1	1	1020	1	1023	0.0	2040
2_323	0_391	90.518	1023	91	2	1	1020	1	1020	0.0	1915
2_323	0_389	89.893	1029	53	4	1	1025	1	982	0.0	1907
2_323	0_394	82.902	1158	183	4	1	1154	1	1147	0.0	1885
2_323	0_392	79.335	1142	230	3	1	1137	1	1141	0.0	1749
2_324	0_316	54.680	406	165	10	1	396	1	397	3.65e-122	390
2_324	0_316	45.383	379	120	10	465	787	533	880	1.63e-95	318
2_324	0_316	28.226	124	27	2	584	645	205	328	1.96e-08	52.4
2_324	0_316	56.667	30	13	0	198	227	680	709	1.83e-06	45.8
2_324	0_316	48.485	33	16	1	295	326	680	712	2.29e-06	45.4
2_324	0_316	55.556	27	12	0	584	610	303	329	7.44e-06	43.9
2_324	0_316	50.000	30	15	0	295	324	716	745	8.38e-06	43.9
2_325	0_258	82.480	1621	257	14	1	1603	49	1660	0.0	2724
2_326	0_372	90.299	268	25	1	4	270	1	268	0.0	502
2_327	0_141	77.055	292	64	3	1	289	1	292	7.21e-155	461
2_327	0_226	30.719	153	101	2	698	847	783	933	1.80e-11	62.8
2_327	0_170	22.439	205	142	6	666	855	247	449	6.92e-08	51.2
2_328	0_205	75.488	563	126	7	1	558	1	556	0.0	834
2_329	0_172	43.850	187	103	1	40	226	45	229	6.65e-57	175
2_330	0_362	96.402	1862	66	1	1	1862	1	1861	0.0	3759
2_331	0_156	95.033	302	15	0	1	302	1	302	0.0	606
2_332	0_137	91.031	223	20	0	1	223	1	223	2.00e-153	419
2_333	0_345	93.284	134	8	1	1	134	1	133	1.66e-90	253
2_334	0_16	95.794	642	27	0	1	642	1	642	0.0	1241
2_335	0_106	90.909	440	35	1	6	445	7	441	0.0	828
2_336	0_96	76.923	104	24	0	1	104	31	134	2.73e-57	179
2_336	0_46	37.037	54	32	1	9	60	30	83	2.17e-07	45.1
2_336	0_128	40.000	50	24	2	4	47	35	84	2.15e-05	40.4
2_337	0_158	35.312	320	144	8	60	319	141	457	7.79e-39	138
2_337	0_330	40.331	181	99	4	153	325	192	371	1.75e-32	119
2_337	0_72	28.926	121	76	5	118	230	37	155	2.09e-06	41.6
2_338	0_340	53.092	663	297	8	2	657	1	656	0.0	648
2_339	0_224	75.424	472	100	8	1	459	1	469	0.0	689
2_340	0_199	63.209	511	183	4	8	518	393	898	0.0	701
2_340	0_199	58.333	372	151	3	12	383	7	374	1.73e-161	476
2_340	0_92	22.112	303	184	9	193	487	163	421	1.49e-10	57.4
2_341	0_14	86.494	348	47	0	1	348	1	348	0.0	623
2_342	0_208	96.364	440	16	0	6	445	1	440	0.0	894
2_342	0_75	42.857	161	85	3	286	439	982	1142	6.37e-38	141
2_342	0_75	29.412	136	73	6	181	303	791	916	3.27e-06	43.9
2_342	0_328	25.769	260	174	7	137	387	415	664	5.57e-17	77.8
2_342	0_328	25.112	223	149	7	174	383	88	305	1.95e-15	72.8
2_342	0_344	28.641	206	126	9	192	383	20	218	1.98e-15	70.1
2_342	0_243	24.752	202	133	6	193	377	27	226	3.50e-06	43.1
2_342	0_213	21.759	216	134	7	192	376	258	469	1.13e-05	42.0
2_343	0_17	25.000	400	252	12	184	550	12	396	9.74e-28	110
2_344	0_312	56.800	250	88	8	6	239	3	248	1.11e-85	249
2_345	0_29	91.186	624	49	1	1	618	1	624	0.0	1205
2_346	0_200	76.369	694	141	4	6	685	3	687	0.0	1109
2_347	0_124	30.677	251	106	7	5	245	4	196	9.42e-22	84.7
2_348	0_230	89.412	510	52	2	1	509	1	509	0.0	915
2_349	0_33	84.988	806	117	3	3	805	2	806	0.0	1382
