1_0	2_24	97.922	385	8	0	1	385	1	385	0.0	792
1_0	2_146	25.373	268	155	6	23	283	291	520	3.25e-18	81.3
1_0	2_146	32.258	93	52	4	284	367	592	682	2.39e-05	40.8
1_2	2_222	94.931	434	21	1	54	486	103	536	0.0	862
1_3	2_309	62.443	663	235	9	12	669	8	661	0.0	812
1_3	2_320	54.463	661	290	7	8	666	5	656	0.0	714
1_3	2_243	53.214	669	300	10	3	669	65	722	0.0	708
1_3	2_114	52.560	664	300	8	8	669	6	656	0.0	697
1_4	2_318	90.278	288	27	1	1	287	1	288	3.03e-179	498
1_4	2_318	71.264	87	25	0	250	336	357	443	1.82e-32	120
1_5	2_36	29.310	116	78	2	192	307	230	341	4.18e-09	53.5
1_5	2_36	39.344	61	36	1	594	654	413	472	1.83e-05	42.0
1_5	2_69	27.143	140	92	3	192	325	227	362	5.21e-08	50.1
1_5	2_69	31.000	100	55	2	555	654	358	443	1.06e-05	42.7
1_5	2_286	25.126	199	138	7	185	379	267	458	6.62e-08	50.1
1_5	2_225	21.825	252	181	6	192	435	306	549	6.42e-05	40.4
1_5	2_21	35.185	54	35	0	603	656	287	340	2.55e-04	38.1
1_6	2_175	83.186	226	38	0	1	226	1	226	4.81e-146	401
1_8	2_100	97.260	73	2	0	1	73	1	73	6.04e-51	149
1_9	2_286	32.854	487	279	16	33	498	53	512	1.73e-61	211
1_9	2_225	28.835	704	436	18	67	744	128	792	1.31e-60	213
1_9	2_69	29.846	325	200	9	67	375	33	345	4.10e-30	119
1_9	2_69	37.500	56	35	0	666	721	396	451	1.27e-07	48.9
1_9	2_36	30.154	325	183	10	56	367	47	340	1.59e-29	117
1_9	2_36	37.500	56	35	0	666	721	425	480	2.89e-07	47.8
1_9	2_62	32.510	243	138	8	56	282	19	251	1.73e-24	98.2
1_9	2_247	28.571	301	147	11	45	340	2	239	1.56e-19	83.2
1_9	2_311	31.414	191	117	6	182	363	2	187	5.17e-15	72.4
1_9	2_311	34.783	69	45	0	661	729	299	367	6.88e-08	49.7
1_9	2_21	30.472	233	132	9	535	743	140	366	8.43e-15	71.2
1_9	2_128	29.936	157	103	3	368	523	71	221	3.13e-14	67.4
1_9	2_93	22.069	145	107	4	241	383	141	281	2.28e-07	48.1
1_11	2_179	35.897	78	48	2	33	109	26	102	4.48e-10	51.6
1_12	2_162	37.079	89	54	1	28	114	9	97	1.15e-11	57.8
1_12	2_149	37.705	61	36	2	51	110	3	62	5.71e-06	40.8
1_13	2_55	75.694	576	107	6	1	547	1	572	0.0	801
1_13	2_223	81.501	373	68	1	1	373	17	388	0.0	661
1_14	2_307	35.417	288	176	4	42	324	13	295	1.12e-53	177
1_15	2_0	41.971	274	138	1	1	274	303	555	9.29e-75	233
1_16	2_347	36.187	257	100	8	1	204	1	246	9.25e-31	108
1_17	2_200	73.607	341	83	3	1	338	1	337	0.0	528
1_18	2_121	81.375	451	84	0	1	451	1	451	0.0	791
1_18	2_340	23.849	239	148	8	209	421	257	487	6.66e-11	58.5
1_19	2_310	69.004	813	214	10	486	1261	86	897	0.0	1085
1_20	2_133	51.564	799	281	15	205	991	235	939	0.0	742
1_20	2_133	23.174	397	242	16	346	719	112	468	2.78e-12	65.1
1_20	2_133	19.950	401	173	12	168	466	387	741	6.09e-06	44.7
1_20	2_246	23.567	471	259	18	94	549	254	638	3.86e-23	100
1_20	2_246	24.359	390	210	15	332	719	332	638	5.32e-22	96.7
1_20	2_246	25.000	328	185	10	146	434	358	663	3.63e-14	71.2
1_20	2_246	30.159	126	72	6	596	719	328	439	1.34e-05	43.5
1_20	2_303	25.296	423	231	15	167	549	92	469	1.08e-21	95.1
1_20	2_303	26.374	364	211	14	361	719	158	469	2.14e-18	84.7
1_20	2_303	23.235	439	232	15	272	694	156	505	2.87e-16	77.8
1_20	2_303	23.913	368	190	14	361	719	98	384	3.66e-12	64.7
1_20	2_215	25.681	257	139	8	300	556	130	334	4.96e-17	79.3
1_20	2_215	23.502	217	141	9	172	381	129	327	2.43e-07	48.5
1_20	2_215	24.545	330	171	16	340	649	55	326	2.35e-05	42.4
1_20	2_215	24.219	256	154	11	495	745	130	350	2.10e-04	39.3
1_21	2_225	31.633	98	56	4	1353	1449	131	218	2.02e-04	40.4
1_22	2_54	71.765	340	58	9	1	312	1	330	2.31e-158	440
1_22	2_22	44.304	79	40	1	54	132	70	144	1.39e-13	63.5
1_22	2_321	48.438	64	31	1	72	133	156	219	3.07e-11	57.4
1_24	2_0	34.259	540	273	10	5	512	7	496	1.40e-90	296
1_24	2_237	27.619	210	148	3	600	806	162	370	2.77e-20	90.1
1_26	2_154	76.646	2445	543	17	2	2434	635	3063	0.0	3509
1_26	2_13	76.646	2445	543	17	2	2434	635	3063	0.0	3509
1_26	2_20	76.646	2445	543	17	2	2434	635	3063	0.0	3507
1_27	2_307	47.586	290	147	4	40	327	13	299	4.65e-87	264
1_28	2_96	91.368	1981	162	3	1	1981	1	1972	0.0	3650
1_28	2_110	30.233	129	71	4	211	332	111	227	9.23e-05	42.0
1_31	2_211	83.456	272	32	2	1	259	159	430	2.51e-167	465
1_33	2_289	90.398	427	35	2	1	427	1	421	0.0	683
1_33	2_123	48.000	50	26	0	293	342	241	290	1.04e-11	61.2
1_34	2_54	35.897	117	68	3	61	177	73	182	1.53e-13	64.7
1_34	2_22	40.476	84	46	2	45	128	70	149	7.18e-12	58.5
1_34	2_321	37.647	85	40	3	35	116	137	211	4.94e-08	47.8
1_35	2_162	39.286	280	158	7	188	460	7	281	8.01e-52	171
1_35	2_149	28.244	262	161	6	215	460	5	255	3.47e-36	129
1_35	2_149	22.330	309	172	10	105	398	4	259	3.30e-11	58.2
1_36	2_22	86.000	200	28	0	1	200	8	207	2.32e-118	329
1_36	2_321	50.704	71	33	1	73	141	152	222	1.60e-14	65.1
1_36	2_54	50.000	56	28	0	82	137	77	132	7.31e-14	63.5
1_37	2_287	83.368	1425	220	11	16	1429	1	1419	0.0	2392
1_37	2_202	30.303	264	164	8	270	525	721	972	2.30e-19	89.0
1_37	2_327	21.973	223	151	7	325	545	666	867	2.00e-06	46.6
1_38	2_12	73.167	682	98	16	1	663	1	616	0.0	893
1_39	2_276	38.833	497	244	6	7	498	16	457	2.51e-109	328
1_39	2_260	36.905	84	51	2	72	153	38	121	4.18e-07	45.1
1_39	2_274	31.858	113	60	4	69	165	650	761	3.19e-04	37.7
1_40	2_263	78.197	610	118	8	1	605	1	600	0.0	818
1_42	2_233	94.336	512	24	2	1	509	1	510	0.0	940
1_43	2_211	94.749	438	23	0	1	438	1	438	0.0	872
1_44	2_112	48.301	824	390	15	1	822	1	790	0.0	696
1_45	2_185	88.608	395	43	1	6	398	9	403	0.0	741
1_45	2_185	24.908	273	193	4	110	381	341	602	1.56e-24	100
1_45	2_185	24.242	198	132	8	137	325	577	765	6.26e-09	52.4
1_46	2_255	77.273	418	91	3	1	415	1	417	0.0	651
1_48	2_17	87.156	654	83	1	25	678	53	705	0.0	1178
1_49	2_129	83.010	206	35	0	1	206	1	206	1.97e-111	312
1_51	2_292	81.298	262	39	5	1	260	1	254	5.36e-134	374
1_51	2_288	44.776	67	37	0	70	136	133	199	3.12e-13	63.2
1_52	2_168	90.341	176	17	0	1	176	1	176	2.93e-122	337
1_54	2_217	91.773	547	38	2	2	548	1	540	0.0	833
1_55	2_280	63.158	266	91	3	1	261	1	264	1.86e-111	317
1_56	2_36	52.941	68	31	1	131	198	414	480	1.31e-17	75.5
1_56	2_69	52.941	68	31	1	131	198	385	451	2.13e-17	74.7
1_56	2_311	42.667	75	43	0	132	206	293	367	7.05e-13	61.6
1_56	2_21	26.455	189	122	4	39	212	172	358	4.22e-12	58.9
1_56	2_225	32.895	76	51	0	142	217	713	788	6.88e-12	58.9
1_57	2_158	63.966	469	168	1	1	469	5	472	0.0	619
1_57	2_107	21.478	433	304	11	56	467	50	467	5.64e-18	80.5
1_57	2_91	26.866	134	91	4	51	182	173	301	1.49e-04	38.5
1_58	2_180	90.400	125	12	0	1	125	1	125	4.78e-78	221
1_59	2_162	36.905	84	51	1	408	489	14	97	6.98e-10	54.7
1_59	2_149	32.203	59	40	0	427	485	4	62	3.12e-06	43.1
1_60	2_228	88.393	336	36	2	1	336	1	333	0.0	618
1_61	2_45	85.772	984	140	0	1	984	1	984	0.0	1734
1_62	2_303	88.404	664	68	4	1	655	1	664	0.0	1201
1_62	2_246	32.011	353	219	7	146	490	324	663	7.89e-53	190
1_62	2_246	30.114	352	198	11	78	404	334	662	6.55e-40	151
1_62	2_215	31.188	202	133	2	241	437	127	327	1.85e-36	136
1_62	2_215	33.333	213	126	4	183	387	130	334	1.22e-31	122
1_62	2_215	27.551	294	183	5	302	569	128	417	3.34e-28	112
1_62	2_215	31.034	203	120	3	309	492	97	298	8.29e-24	99.0
1_62	2_215	30.851	188	120	5	152	339	165	342	1.20e-21	92.4
1_62	2_133	23.558	416	234	11	152	501	303	700	3.89e-22	95.9
1_62	2_133	24.468	376	234	11	154	492	105	467	1.24e-18	84.7
1_62	2_133	24.777	448	242	16	85	496	116	504	1.39e-16	78.2
1_62	2_133	25.369	339	213	12	154	461	392	721	1.87e-15	74.7
1_62	2_133	20.485	371	200	12	93	406	391	723	5.42e-09	53.5
1_62	2_133	23.950	238	135	8	87	292	630	853	5.46e-05	40.8
1_63	2_215	76.224	429	95	2	6	434	1	422	0.0	683
1_63	2_246	36.444	225	125	5	135	342	391	614	1.50e-39	146
1_63	2_246	32.719	217	130	3	128	342	355	557	3.35e-32	124
1_63	2_246	25.382	327	178	7	133	408	446	757	7.55e-31	120
1_63	2_246	30.058	173	104	3	116	285	513	671	6.84e-23	96.3
1_63	2_246	27.363	201	111	4	173	338	296	496	9.37e-20	86.7
1_63	2_246	27.551	98	65	4	254	345	293	390	5.35e-07	46.2
1_63	2_303	31.532	222	137	3	121	338	231	441	1.16e-36	137
1_63	2_303	34.135	208	115	3	135	334	187	380	1.78e-32	124
1_63	2_303	27.907	301	184	8	119	390	82	378	1.09e-25	104
1_63	2_303	31.461	178	106	2	133	309	334	496	4.70e-25	102
1_63	2_303	30.921	152	89	3	135	285	364	500	4.54e-18	81.3
1_63	2_303	26.277	137	87	1	116	252	373	495	7.09e-13	64.7
1_63	2_133	24.895	237	142	4	135	349	363	585	7.77e-19	83.6
1_63	2_133	26.106	226	145	5	129	342	229	444	7.07e-11	58.5
1_63	2_133	20.408	294	137	8	120	336	382	655	1.15e-07	48.5
1_63	2_133	25.352	213	110	5	135	308	521	723	3.87e-06	43.5
1_63	2_133	23.077	182	88	5	123	252	542	723	5.58e-04	36.6
1_64	2_340	64.887	487	169	2	26	510	32	518	0.0	689
1_64	2_121	24.242	363	215	13	135	484	112	427	1.12e-15	73.6
1_65	2_339	74.788	472	103	8	1	469	1	459	0.0	685
1_66	2_227	45.238	84	46	0	16	99	26	109	6.49e-12	54.7
1_67	2_188	89.130	92	10	0	16	107	17	108	3.13e-52	154
1_68	2_186	58.011	181	28	3	33	165	57	237	3.82e-62	192
1_68	2_311	36.000	100	55	2	190	289	262	352	7.67e-09	50.4
1_68	2_36	24.031	129	93	2	159	284	342	468	2.92e-06	42.7
1_68	2_69	40.909	44	26	0	241	284	396	439	5.60e-06	41.6
1_68	2_21	58.065	31	13	0	254	284	304	334	3.11e-05	39.3
1_68	2_225	29.268	82	53	1	208	289	686	762	4.22e-05	39.3
1_69	2_308	48.125	160	61	8	1	147	1	151	1.03e-33	110
1_70	2_141	96.825	252	8	0	174	425	546	797	0.0	538
1_70	2_141	91.566	83	4	1	91	173	264	343	1.75e-42	154
1_70	2_29	44.922	256	134	5	173	423	947	1200	1.00e-65	222
1_70	2_38	37.255	255	134	9	178	423	984	1221	2.28e-39	145
1_70	2_77	35.802	243	140	8	183	420	69	300	2.37e-39	138
1_71	2_30	84.839	310	46	1	27	335	1	310	0.0	534
1_72	2_65	63.115	488	168	7	7	492	17	494	0.0	602
1_73	2_159	83.948	542	83	3	1	540	1	540	0.0	910
1_74	2_286	44.615	390	148	3	122	490	198	540	6.10e-109	335
1_74	2_286	55.263	38	17	0	83	120	49	86	9.58e-09	52.8
1_74	2_247	38.650	163	77	3	122	261	78	240	3.04e-31	117
1_74	2_225	25.650	577	349	18	123	651	225	769	6.63e-31	123
1_74	2_69	42.105	76	44	0	583	658	383	458	1.05e-16	77.8
1_74	2_69	28.829	222	123	6	122	312	142	359	1.06e-14	71.2
1_74	2_36	42.105	76	44	0	583	658	412	487	2.30e-16	76.6
1_74	2_36	31.746	189	114	6	118	299	168	348	5.01e-15	72.4
1_74	2_21	26.596	188	107	4	504	662	172	357	6.07e-11	58.9
1_74	2_311	29.091	165	111	4	149	311	52	212	2.26e-09	54.3
1_74	2_311	40.323	62	37	0	595	656	303	364	1.36e-08	52.0
1_74	2_128	26.797	153	100	5	289	436	70	215	9.42e-06	42.0
1_75	2_6	72.250	400	106	4	16	411	12	410	0.0	609
1_75	2_35	22.346	179	115	5	116	282	381	547	1.34e-04	38.5
1_78	2_345	88.080	646	49	2	1	646	1	618	0.0	1173
1_79	2_226	93.333	210	14	0	1	210	1	210	5.15e-143	392
1_80	2_191	31.667	300	181	9	1	289	6	292	5.72e-39	134
1_80	2_266	33.463	257	131	11	1	231	11	253	1.78e-27	103
1_80	2_245	36.170	188	107	5	49	227	140	323	7.16e-26	100
1_82	2_172	83.102	1083	164	12	1	1075	1	1072	0.0	1415
1_83	2_52	51.414	389	165	6	14	387	27	406	3.12e-129	372
1_83	2_209	31.781	365	218	6	22	375	25	369	5.17e-59	191
1_83	2_282	41.212	165	88	2	220	379	309	469	2.75e-38	138
1_83	2_282	29.940	167	112	2	15	179	51	214	7.05e-15	70.5
1_84	2_237	39.161	143	87	0	71	213	4	146	7.34e-26	106
1_84	2_179	38.028	71	44	0	251	321	31	101	1.96e-09	50.1
1_85	2_179	34.211	76	50	0	88	163	26	101	4.00e-11	53.9
1_86	2_199	74.851	672	155	5	8	665	6	677	0.0	1042
1_86	2_73	72.477	218	58	2	7	222	5	222	7.06e-111	329
1_87	2_230	77.642	492	105	2	1	492	1	487	0.0	790
1_89	2_262	45.513	156	82	1	6	158	5	160	4.70e-49	150
1_90	2_225	42.953	745	383	9	66	780	58	790	0.0	584
1_90	2_311	50.570	263	108	3	244	487	1	260	1.70e-74	243
1_90	2_311	54.348	92	40	1	678	767	276	367	1.20e-26	108
1_90	2_311	49.485	97	46	1	477	573	182	275	1.50e-21	92.8
1_90	2_286	25.629	437	261	15	144	531	86	507	4.19e-31	123
1_90	2_36	27.879	330	179	11	142	441	55	355	4.15e-24	101
1_90	2_36	50.000	58	29	0	702	759	423	480	1.18e-09	55.8
1_90	2_69	29.870	308	171	11	143	410	30	332	5.55e-24	100
1_90	2_69	42.857	70	36	1	690	759	386	451	1.04e-09	55.8
1_90	2_128	27.155	232	128	7	333	555	17	216	3.90e-15	70.1
1_90	2_62	28.319	226	128	8	144	344	29	245	2.77e-14	68.2
1_90	2_21	26.923	234	131	11	579	782	146	369	2.29e-09	54.3
1_90	2_21	38.182	55	34	0	305	359	1	55	8.08e-06	43.1
1_90	2_247	23.784	185	111	5	226	388	63	239	8.50e-07	45.4
1_91	2_77	77.143	315	68	3	1	311	1	315	0.0	518
1_91	2_29	38.023	263	145	9	51	301	946	1202	1.57e-43	154
1_91	2_38	37.805	246	143	5	60	302	986	1224	6.91e-43	152
1_91	2_141	36.626	243	138	8	65	296	555	792	1.89e-39	142
1_92	2_132	83.501	1388	204	15	1	1377	1	1374	0.0	2271
1_93	2_285	67.661	436	137	2	1	436	1	432	0.0	591
1_95	2_166	56.790	81	35	0	37	117	45	125	1.44e-29	98.6
1_96	2_113	92.105	646	43	2	1	646	1	638	0.0	1215
1_96	2_264	92.105	646	43	2	1	646	1	638	0.0	1212
1_96	2_43	91.486	646	50	2	1	646	1	641	0.0	1210
1_96	2_139	92.105	646	47	2	1	646	1	642	0.0	1207
1_96	2_155	90.402	646	56	2	1	646	1	640	0.0	1197
1_96	2_171	79.545	176	30	2	471	646	1	170	4.83e-94	282
1_97	2_50	41.176	170	89	4	14	180	1	162	1.91e-36	119
1_98	2_119	77.665	591	127	4	1	589	1	588	0.0	972
1_99	2_4	97.151	351	10	0	17	367	1	351	0.0	718
1_99	2_160	29.060	234	150	8	23	247	142	368	5.66e-21	89.4
1_99	2_160	28.516	256	152	11	33	273	512	751	1.51e-19	84.7
1_99	2_294	27.273	308	194	11	35	319	18	318	4.02e-20	85.1
1_99	2_342	28.636	220	133	10	36	245	192	397	1.11e-15	72.4
1_99	2_104	27.407	135	87	5	122	248	1002	1133	4.47e-08	49.3
1_100	2_26	29.960	247	135	11	96	337	124	337	3.39e-20	84.7
1_101	2_176	84.469	367	56	1	4	369	6	372	0.0	594
1_102	2_307	49.650	286	140	3	40	323	9	292	1.31e-96	286
1_105	2_63	80.257	2254	338	31	1	2208	1	2193	0.0	3325
1_106	2_179	35.897	78	48	2	41	117	26	102	3.88e-10	51.6
1_107	2_41	72.917	192	52	0	3	194	1	192	1.20e-103	292
1_108	2_31	81.477	772	133	5	31	799	24	788	0.0	1298
1_110	2_81	93.614	2067	102	5	12	2051	1	2064	0.0	3972
1_110	2_182	27.717	184	109	5	51	233	183	343	3.76e-10	58.9
1_110	2_104	25.405	185	116	5	60	234	574	746	1.08e-04	41.6
1_112	2_83	84.900	702	100	5	1	700	1	698	0.0	1221
1_113	2_236	85.167	209	30	1	1	209	1	208	5.60e-114	319
1_114	2_116	92.489	5645	305	13	30	5564	36	5671	0.0	10653
1_115	2_88	70.068	735	181	14	1	709	10	731	0.0	949
1_116	2_321	97.000	200	6	0	37	236	66	265	1.31e-145	402
1_116	2_22	50.704	71	33	1	123	193	80	148	4.02e-14	63.9
1_116	2_54	49.180	61	29	1	130	190	75	133	2.10e-11	57.4
1_117	2_218	62.295	122	46	0	108	229	23	144	3.40e-56	171
1_118	2_334	85.399	589	58	3	250	838	82	642	0.0	1013
1_118	2_225	27.723	202	116	6	122	307	156	343	2.54e-14	71.2
1_118	2_286	27.211	147	88	4	172	310	177	312	6.82e-11	60.1
1_118	2_69	28.481	158	100	3	177	321	120	277	9.14e-11	59.3
1_118	2_21	38.571	70	42	1	253	321	1	70	1.34e-09	55.1
1_118	2_36	27.044	159	105	3	178	325	126	284	1.39e-09	55.5
1_118	2_62	28.462	130	80	3	177	293	117	246	2.89e-08	50.4
1_118	2_311	27.778	126	74	3	196	310	1	120	3.97e-05	41.2
1_119	2_86	87.436	390	47	2	1	389	1	389	0.0	708
1_119	2_248	29.245	106	73	1	12	115	54	159	1.19e-08	51.2
1_120	2_260	64.641	181	64	0	5	185	4	184	1.90e-85	245
1_120	2_276	29.787	94	52	2	34	127	44	123	6.54e-04	34.3
1_121	2_91	93.517	509	31	1	112	620	96	602	0.0	968
1_122	2_220	74.952	523	116	3	14	536	15	522	0.0	753
1_123	2_208	63.670	267	93	2	9	275	7	269	8.47e-127	356
1_123	2_40	31.111	90	54	3	14	103	6	87	3.42e-06	41.6
1_124	2_336	40.741	54	30	1	30	83	9	60	4.80e-11	55.1
1_125	2_333	92.537	134	9	1	1	133	1	134	5.51e-90	252
1_127	2_282	65.094	212	74	0	12	223	23	234	2.25e-98	296
1_127	2_282	75.723	173	38	1	230	398	302	474	2.12e-89	273
1_127	2_209	39.441	322	186	5	74	389	51	369	2.21e-84	257
1_127	2_52	33.333	375	225	6	43	396	31	401	8.11e-65	207
1_129	2_192	32.051	78	41	5	10	82	7	77	3.07e-04	35.0
1_130	2_25	98.315	356	6	0	1	356	1	356	0.0	722
1_132	2_231	90.393	229	22	0	1	229	1	229	1.29e-142	393
1_133	2_192	36.641	131	75	4	7	131	257	385	6.30e-15	73.2
1_134	2_59	89.649	1053	99	6	1	1047	1	1049	0.0	1900
1_135	2_210	90.445	607	51	5	3	606	1	603	0.0	1124
1_136	2_71	74.542	927	231	2	21	947	1	922	0.0	1444
1_137	2_137	75.000	300	72	1	7	303	9	308	2.27e-170	469
1_137	2_144	46.970	264	139	1	10	273	8	270	4.99e-88	259
1_138	2_162	36.364	66	40	1	41	104	11	76	1.93e-05	36.6
1_139	2_205	87.755	196	24	0	1	196	1	196	2.78e-131	362
1_140	2_178	99.476	191	1	0	1	191	1	191	1.05e-144	397
1_143	2_95	89.268	205	21	1	1	205	1	204	3.28e-129	357
1_144	2_135	53.657	1217	518	14	1	1197	1	1191	0.0	1234
1_145	2_273	89.037	301	33	0	1	301	1	301	0.0	562
1_148	2_0	28.571	189	123	4	24	201	237	424	9.82e-14	69.7
1_148	2_266	25.703	249	138	11	232	466	33	248	1.62e-09	55.5
1_148	2_245	22.967	209	124	5	263	466	146	322	3.41e-09	54.7
1_148	2_191	23.246	228	131	8	244	466	43	231	1.16e-08	52.4
1_148	2_286	27.885	104	57	4	1156	1250	56	150	2.06e-07	49.3
1_148	2_225	31.818	88	49	3	1188	1271	120	200	2.25e-04	39.7
1_149	2_160	93.830	778	48	0	1	778	51	828	0.0	1529
1_149	2_4	29.060	234	150	8	92	318	7	231	2.08e-20	88.2
1_149	2_4	26.667	255	158	10	462	701	17	257	9.94e-18	80.1
1_149	2_342	25.769	260	174	7	415	664	137	387	1.04e-16	77.8
1_149	2_342	24.809	262	166	9	62	305	135	383	1.61e-15	73.9
1_149	2_294	22.530	253	172	8	91	328	3	246	4.17e-12	62.8
1_149	2_294	23.127	307	193	7	458	721	12	318	1.65e-11	60.8
1_149	2_104	21.229	179	129	4	207	373	1016	1194	1.00e-07	50.1
1_149	2_104	29.703	101	53	4	571	662	1030	1121	3.00e-07	48.5
1_150	2_331	89.538	325	11	1	1	325	1	302	0.0	598
1_151	2_40	84.252	254	40	0	55	308	1	254	8.47e-167	458
1_151	2_208	36.667	90	49	2	60	142	12	100	1.18e-08	49.7
1_152	2_183	88.063	444	46	5	1	440	1	441	0.0	784
1_152	2_241	51.208	207	75	3	84	267	174	377	2.96e-64	215
1_153	2_32	85.821	402	56	1	1	402	1	401	0.0	735
1_155	2_237	38.328	287	171	2	562	848	144	424	7.80e-53	188
1_155	2_237	30.275	109	75	1	1	108	37	145	5.73e-10	57.4
1_156	2_286	42.439	205	107	4	41	236	14	216	2.69e-47	167
1_156	2_286	41.667	72	38	1	236	307	474	541	7.32e-08	49.3
1_156	2_247	31.250	144	46	1	89	232	2	92	2.53e-19	82.0
1_156	2_36	53.731	67	31	0	412	478	414	480	2.53e-17	79.0
1_156	2_36	34.328	67	38	2	87	147	34	100	5.26e-05	40.0
1_156	2_69	53.731	67	31	0	412	478	385	451	8.23e-17	77.0
1_156	2_69	25.758	132	81	6	106	228	29	152	2.76e-04	37.7
1_156	2_311	44.615	65	36	0	422	486	303	367	2.26e-12	63.2
1_156	2_225	27.979	193	108	7	309	486	601	777	1.73e-10	57.8
1_156	2_225	25.503	149	96	4	111	255	128	265	1.52e-08	51.6
1_156	2_21	27.717	184	113	5	320	486	172	352	2.44e-10	56.6
1_156	2_62	25.466	161	84	5	87	228	6	149	2.50e-08	49.7
1_158	2_225	43.733	734	363	9	2	696	68	790	0.0	592
1_158	2_311	54.373	263	117	2	170	432	1	260	4.89e-87	275
1_158	2_311	54.348	92	40	1	594	683	276	367	1.47e-26	107
1_158	2_311	53.012	83	39	0	436	518	193	275	5.53e-21	90.5
1_158	2_286	27.169	438	272	15	70	476	86	507	4.81e-37	140
1_158	2_36	29.664	327	192	10	70	386	57	355	9.58e-30	118
1_158	2_36	50.000	58	29	0	618	675	423	480	8.76e-10	55.8
1_158	2_69	31.392	309	184	10	69	355	30	332	2.04e-29	116
1_158	2_69	42.857	70	36	1	606	675	386	451	7.11e-10	56.2
1_158	2_62	28.634	227	128	8	70	271	29	246	2.33e-15	71.2
1_158	2_128	27.511	229	122	7	284	500	20	216	1.03e-14	68.6
1_158	2_247	27.027	185	124	6	152	333	63	239	1.69e-11	59.3
1_158	2_21	38.095	84	46	4	618	698	289	369	1.63e-08	51.6
1_158	2_21	40.741	54	32	0	231	284	1	54	2.39e-07	47.8
1_159	2_67	83.916	143	20	1	1	143	1	140	1.00e-82	234
1_159	2_298	53.623	138	30	1	10	147	19	122	1.57e-44	137
1_160	2_346	76.623	693	136	6	7	688	8	685	0.0	1109
1_161	2_192	35.669	157	92	4	115	266	193	345	3.77e-22	95.5
1_161	2_192	37.234	94	46	2	1	94	1	81	3.00e-13	67.0
1_161	2_192	35.593	59	37	1	376	433	395	453	4.94e-04	37.4
1_161	2_47	26.804	97	70	1	184	279	2	98	2.05e-05	40.4
1_161	2_47	27.381	84	47	4	1	76	1	78	5.35e-04	36.2
1_163	2_111	85.246	122	18	0	1	122	1	122	2.47e-72	206
1_165	2_286	31.765	510	291	19	246	733	53	527	6.02e-52	187
1_165	2_225	27.076	554	365	14	269	812	107	631	1.64e-41	158
1_165	2_69	25.610	328	216	8	286	594	29	347	8.52e-27	109
1_165	2_69	53.125	32	15	0	946	977	396	427	6.91e-04	37.7
1_165	2_36	27.246	345	200	13	261	589	36	345	1.19e-25	106
1_165	2_36	56.250	32	14	0	946	977	425	456	2.22e-04	39.3
1_165	2_311	34.673	199	124	4	388	586	1	193	5.67e-20	88.6
1_165	2_311	37.778	45	28	0	933	977	291	335	4.90e-04	38.1
1_165	2_247	25.667	300	158	9	262	557	1	239	1.88e-19	83.6
1_165	2_62	25.984	254	154	8	261	494	8	247	3.30e-16	74.3
1_165	2_21	27.273	209	118	5	769	977	148	322	7.38e-12	62.8
1_165	2_21	25.381	197	89	4	454	650	2	140	1.36e-11	62.0
1_165	2_128	23.228	254	147	6	492	737	3	216	2.73e-10	56.2
1_165	2_93	23.438	128	93	3	450	576	135	258	5.48e-05	41.2
1_165	2_162	37.255	51	32	0	981	1031	47	97	1.46e-04	39.3
1_166	2_108	26.554	177	115	4	1	176	1	163	9.20e-17	69.7
1_167	2_283	68.172	487	104	15	1	469	1	454	0.0	523
1_168	2_319	78.656	848	180	1	1	847	1	848	0.0	1326
1_169	2_326	91.221	262	23	0	7	268	9	270	0.0	500
1_170	2_259	92.350	549	42	0	1	549	1	549	0.0	1046
1_171	2_169	87.104	473	60	1	1	472	1	473	0.0	882
1_172	2_58	82.500	160	25	2	1	158	1	159	3.68e-99	282
1_173	2_151	60.938	64	17	1	53	108	69	132	7.46e-21	76.3
1_174	2_313	89.569	441	44	2	271	710	341	780	0.0	767
1_174	2_313	90.146	274	21	3	1	270	1	272	2.06e-163	485
1_175	2_312	90.331	786	75	1	1	786	1	785	0.0	1422
1_176	2_192	32.168	143	77	5	7	143	257	385	1.32e-11	61.6
1_177	2_295	93.447	351	19	1	1	347	1	351	0.0	660
1_178	2_310	64.156	770	180	9	52	735	88	847	0.0	907
1_179	2_288	75.620	242	47	5	1	232	122	361	2.63e-112	321
1_179	2_292	44.776	67	37	0	12	78	71	137	4.30e-14	64.3
1_181	2_191	28.814	59	42	0	13	71	16	74	7.24e-07	45.1
1_181	2_266	27.128	188	107	9	12	181	20	195	1.21e-04	38.5
1_183	2_143	29.070	172	101	6	117	281	381	538	6.88e-12	60.1
1_183	2_143	47.059	85	39	2	87	166	15	98	1.15e-11	59.7
1_184	2_16	60.305	131	46	2	65	193	1	127	3.21e-43	136
1_186	2_138	81.951	615	110	1	1	615	2	615	0.0	1065
1_187	2_296	61.719	128	44	3	1	124	1	127	3.10e-55	164
1_188	2_36	52.408	353	125	4	58	391	23	351	2.95e-119	357
1_188	2_69	55.161	310	120	2	88	380	30	337	2.51e-111	335
1_188	2_62	59.438	249	101	0	62	310	1	249	1.88e-105	313
1_188	2_286	29.104	536	327	16	3	512	7	515	2.20e-43	157
1_188	2_225	24.644	491	308	15	90	551	127	584	6.97e-27	110
1_188	2_247	27.213	305	150	8	71	370	2	239	1.11e-26	103
1_188	2_311	29.655	145	96	3	251	391	46	188	2.22e-12	63.5
1_188	2_311	27.778	108	66	4	246	353	329	424	3.11e-04	37.7
1_188	2_21	30.337	178	80	5	275	448	9	146	4.87e-09	52.8
1_188	2_128	21.596	213	143	5	325	535	30	220	6.73e-06	42.0
1_189	2_0	56.000	50	22	0	5	54	502	551	1.04e-12	62.8
1_189	2_286	27.434	113	38	1	69	181	473	541	7.71e-05	38.5
1_189	2_21	39.623	53	30	2	3	54	289	340	4.34e-04	35.8
1_190	2_113	93.125	640	42	2	1	640	1	638	0.0	1220
1_190	2_43	92.212	642	47	2	1	640	1	641	0.0	1219
1_190	2_264	93.125	640	42	2	1	640	1	638	0.0	1219
1_190	2_139	92.535	643	44	2	1	640	1	642	0.0	1210
1_190	2_155	91.420	641	53	2	1	640	1	640	0.0	1207
1_190	2_171	82.456	171	28	2	471	640	1	170	2.24e-96	288
1_191	2_107	69.556	473	140	3	1	472	1	470	0.0	651
1_191	2_158	24.706	425	281	14	58	467	68	468	3.49e-22	93.6
1_192	2_192	32.986	288	162	9	243	524	191	453	1.08e-32	132
1_192	2_192	29.310	232	142	3	813	1043	885	1095	3.27e-21	94.7
1_192	2_192	44.156	77	40	2	1	75	1	76	3.98e-16	78.2
1_192	2_47	34.848	66	43	0	336	401	17	82	7.01e-07	46.2
1_194	2_136	91.117	698	48	5	1	690	1	692	0.0	1107
1_195	2_330	96.509	1862	64	1	1	1861	1	1862	0.0	3770
1_196	2_212	98.214	168	3	0	1	168	1	168	2.76e-122	337
1_197	2_237	40.698	258	148	1	33	290	148	400	1.63e-56	187
1_197	2_225	42.857	91	47	2	290	375	365	455	6.74e-16	73.9
1_197	2_311	41.250	80	37	2	294	372	143	213	1.75e-10	56.6
1_197	2_286	33.708	89	58	1	289	376	331	419	8.17e-09	51.6
1_197	2_69	38.710	62	37	1	291	351	286	347	2.43e-07	46.6
1_197	2_36	41.509	53	30	1	291	342	289	341	3.38e-07	46.2
1_200	2_342	95.900	439	18	0	1	439	6	444	0.0	885
1_200	2_104	40.994	161	88	3	281	434	1016	1176	9.03e-36	135
1_200	2_104	28.261	138	83	6	176	297	827	964	1.27e-06	45.4
1_200	2_160	26.923	260	171	7	132	382	465	714	2.55e-18	82.0
1_200	2_160	24.664	223	150	7	169	378	138	355	1.13e-14	70.9
1_200	2_4	28.947	228	137	11	179	392	13	229	2.27e-16	74.7
1_201	2_115	75.078	638	151	4	3	640	2	631	0.0	996
1_202	2_47	30.332	211	123	5	1	192	23	228	1.28e-24	94.0
1_203	2_332	91.480	223	19	0	22	244	1	223	1.25e-155	426
1_204	2_209	49.527	317	148	1	1	305	53	369	5.32e-108	314
1_204	2_52	30.240	334	208	3	1	309	65	398	8.05e-52	171
1_204	2_282	45.223	157	82	1	156	308	312	468	1.87e-39	139
1_204	2_282	30.556	144	98	1	1	142	87	230	1.30e-20	86.3
1_205	2_207	67.230	473	153	1	1	473	1	471	0.0	660
1_206	2_250	68.293	369	112	5	5	371	4	369	0.0	511
1_207	2_202	81.134	970	146	7	1	940	11	973	0.0	1554
1_207	2_287	29.614	233	150	7	711	935	275	501	1.96e-24	104
1_207	2_327	30.719	153	101	2	783	933	698	847	6.42e-12	63.9
1_208	2_239	75.929	565	112	10	1	552	1	554	0.0	763
1_209	2_28	31.818	308	193	7	5	302	5	305	9.29e-44	148
1_210	2_325	82.974	881	140	7	1	875	5	881	0.0	1463
1_211	2_163	88.514	1036	118	1	3	1038	1	1035	0.0	1894
1_212	2_336	81.750	400	73	0	1	400	1	400	0.0	703
1_212	2_315	55.263	38	16	1	11	47	47	84	1.19e-06	44.3
1_213	2_3	82.353	510	88	2	1	509	15	523	0.0	854
1_213	2_34	37.642	441	260	6	69	506	34	462	2.17e-102	311
1_215	2_90	53.241	864	392	8	1	858	1	858	0.0	884
1_215	2_248	25.664	113	83	1	678	790	80	191	3.09e-04	38.5
1_216	2_18	78.158	760	161	3	1	760	1	755	0.0	1205
1_216	2_101	40.541	37	22	0	98	134	27	63	4.12e-04	38.1
1_218	2_307	30.545	275	150	5	53	290	24	294	9.70e-36	128
1_220	2_80	90.769	520	47	1	1	520	1	519	0.0	947
1_221	2_280	68.539	267	76	5	1	262	1	264	1.34e-122	345
1_222	2_322	66.936	3962	1269	15	142	4083	78	4018	0.0	5507
1_222	2_317	69.784	3197	943	8	904	4083	1	3191	0.0	4692
1_222	2_76	31.102	3376	2123	56	792	4081	162	3420	0.0	1670
1_222	2_78	31.042	3360	2125	56	786	4081	446	3677	0.0	1669
1_224	2_213	80.913	241	46	0	1	241	1	241	2.36e-151	416
1_224	2_120	70.492	122	33	1	120	241	2	120	4.17e-63	188
1_225	2_118	93.678	174	11	0	1	174	1	174	2.82e-121	334
1_226	2_144	78.058	278	61	0	1	278	1	278	1.51e-167	460
1_226	2_137	44.981	269	147	1	3	270	7	275	2.87e-82	245
1_227	2_85	75.439	969	235	1	1	966	27	995	0.0	1533
1_228	2_125	53.333	360	160	5	34	387	35	392	1.56e-138	395
1_228	2_204	44.557	395	207	8	2	389	8	397	6.02e-116	338
1_228	2_229	46.231	398	192	10	1	385	1	389	1.12e-114	335
1_228	2_161	44.081	397	201	8	9	388	2	394	5.07e-112	328
1_229	2_186	83.883	273	43	1	1	272	1	273	1.36e-163	449
1_230	2_162	36.364	88	54	1	68	153	10	97	3.77e-11	54.7
1_230	2_149	32.203	59	40	0	91	149	4	62	7.39e-07	42.4
1_231	2_142	77.465	284	57	5	76	357	1	279	4.33e-161	447
1_233	2_225	29.100	622	392	15	19	614	194	792	3.78e-55	195
1_233	2_286	32.286	350	205	10	32	368	182	512	1.18e-38	144
1_233	2_69	30.081	246	155	5	8	245	109	345	2.07e-22	95.1
1_233	2_69	37.500	56	35	0	536	591	396	451	7.35e-08	49.3
1_233	2_36	35.000	160	101	2	79	237	183	340	1.13e-19	86.7
1_233	2_36	37.500	56	35	0	536	591	425	480	1.93e-07	48.1
1_233	2_311	31.414	191	117	6	52	233	2	187	1.93e-15	73.2
1_233	2_311	34.783	69	45	0	531	599	299	367	6.15e-08	49.7
1_233	2_21	30.472	233	132	9	405	613	140	366	5.03e-15	71.6
1_233	2_247	35.326	184	108	8	32	210	62	239	1.34e-14	68.6
1_233	2_128	29.936	157	103	3	238	393	71	221	2.15e-14	67.4
1_233	2_62	31.373	153	90	4	8	152	106	251	1.24e-11	60.1
1_233	2_93	25.000	100	73	2	157	255	185	283	2.11e-07	47.8
1_234	2_7	70.933	375	96	3	1	373	1	364	0.0	527
1_234	2_274	32.065	184	89	7	43	193	318	498	1.33e-07	48.1
1_234	2_274	33.533	167	100	8	45	204	229	391	2.32e-07	47.4
1_235	2_324	52.273	440	183	14	1	432	1	421	7.59e-122	390
1_235	2_324	46.237	372	107	10	545	883	476	787	3.16e-94	315
1_235	2_324	33.333	66	40	1	718	783	198	259	3.07e-06	45.4
1_235	2_324	26.400	125	29	3	205	329	584	645	4.13e-06	45.1
1_235	2_324	55.556	27	12	0	304	330	584	610	1.02e-05	43.9
1_235	2_324	50.000	30	15	0	718	747	295	324	1.07e-05	43.9
1_235	2_246	24.034	233	129	8	683	910	331	520	2.66e-07	48.9
1_236	2_60	95.197	458	20	1	1	456	1	458	0.0	880
1_238	2_206	49.335	677	318	4	1	661	1	668	7.80e-178	521
1_239	2_26	85.924	341	48	0	1	341	1	341	0.0	625
1_240	2_156	50.784	510	180	8	1	439	1	510	2.33e-167	475
1_241	2_66	51.070	327	158	2	24	350	85	409	5.15e-117	340
1_242	2_93	64.211	380	47	5	1	380	138	428	8.44e-155	440
1_242	2_36	25.731	171	123	3	5	173	216	384	7.92e-10	55.1
1_242	2_225	28.346	127	91	0	1	127	288	414	1.04e-09	55.1
1_242	2_69	25.342	146	108	1	5	150	213	357	6.82e-09	52.0
1_242	2_286	23.243	185	131	3	5	183	260	439	4.36e-08	49.7
1_242	2_311	22.727	132	102	0	1	132	62	193	2.82e-04	37.4
1_243	2_136	27.451	306	142	6	12	243	317	616	6.42e-32	127
1_244	2_157	96.429	112	4	0	15	126	1	112	3.96e-78	221
1_245	2_317	38.095	3255	1862	39	709	3877	4	3191	0.0	2157
1_245	2_322	35.852	3269	1942	46	695	3877	819	4018	0.0	2013
1_245	2_78	33.447	3226	1991	52	695	3872	557	3674	0.0	1751
1_245	2_76	33.128	3251	2012	51	692	3872	259	3417	0.0	1742
1_246	2_301	37.838	222	126	5	42	261	14	225	3.69e-43	142
1_247	2_109	87.211	563	71	1	1	563	1	562	0.0	991
1_248	2_307	38.667	75	46	0	2	76	218	292	8.80e-12	62.0
1_249	2_216	90.258	503	49	0	1	503	1	503	0.0	951
1_250	2_130	90.612	490	46	0	8	497	1	490	0.0	922
1_251	2_11	64.621	1108	270	18	8	1047	7	1060	0.0	1353
1_252	2_174	85.105	4411	645	9	1	4405	1	4405	0.0	7859
1_253	2_225	26.649	743	453	13	8	730	112	782	3.16e-57	203
1_253	2_286	27.790	439	277	12	24	441	87	506	6.17e-43	158
1_253	2_69	27.848	316	202	7	20	316	29	337	2.54e-28	113
1_253	2_69	34.722	72	43	1	655	726	391	458	1.15e-08	52.4
1_253	2_21	32.245	245	142	6	497	741	148	368	3.07e-28	111
1_253	2_21	24.121	199	93	4	185	383	1	141	1.13e-12	64.7
1_253	2_36	28.267	329	196	9	21	334	55	358	9.48e-26	106
1_253	2_36	36.508	63	40	0	664	726	425	487	9.63e-09	52.8
1_253	2_311	33.028	218	128	5	124	333	1	208	5.47e-22	94.0
1_253	2_311	37.333	75	47	0	647	721	287	361	7.97e-09	52.8
1_253	2_62	27.232	224	140	5	21	225	27	246	7.34e-16	72.8
1_253	2_247	27.128	188	126	5	105	290	62	240	2.55e-15	70.9
1_253	2_93	25.362	138	96	3	176	313	133	263	9.76e-10	55.8
1_254	2_15	92.933	283	20	0	24	306	1	283	0.0	554
1_255	2_235	86.412	655	89	0	1	655	1	655	0.0	1201
1_256	2_270	93.610	313	20	0	1	313	25	337	0.0	600
1_257	2_145	70.040	247	72	1	1	247	1	245	1.77e-123	346
1_258	2_246	29.712	313	208	4	251	561	361	663	4.19e-45	167
1_258	2_246	27.976	336	223	8	237	564	286	610	6.05e-37	142
1_258	2_246	34.634	205	127	5	250	450	474	675	6.24e-32	127
1_258	2_303	31.864	295	189	7	242	528	208	498	3.22e-44	163
1_258	2_303	31.672	341	211	10	252	582	187	515	8.19e-41	153
1_258	2_303	25.126	398	197	12	250	567	96	472	4.60e-28	114
1_258	2_303	24.675	231	133	6	371	565	76	301	7.47e-08	50.1
1_258	2_215	28.399	331	195	10	144	446	14	330	1.24e-28	113
1_258	2_215	25.670	261	161	5	379	607	116	375	1.41e-20	89.4
1_258	2_133	22.693	401	246	12	225	573	281	669	1.87e-13	68.2
1_258	2_133	24.044	366	195	15	250	595	233	535	1.02e-12	65.9
1_258	2_133	23.670	376	203	13	252	560	363	721	8.02e-11	59.7
1_258	2_133	24.900	249	150	9	250	467	479	721	1.56e-07	48.9
1_259	2_44	70.656	610	172	6	1	605	1	608	0.0	885
1_260	2_335	90.227	440	38	1	7	441	6	445	0.0	806
1_262	2_232	52.381	168	75	3	1	166	1	165	9.22e-56	168
1_263	2_102	83.721	86	14	0	1	86	1	86	3.45e-51	150
1_264	2_253	38.141	312	189	2	58	369	2	309	1.40e-61	197
1_265	2_99	77.992	518	111	2	1	515	1	518	0.0	848
1_267	2_110	88.525	1281	89	8	1	1279	1	1225	0.0	2294
1_267	2_96	32.075	106	59	4	107	200	209	313	1.68e-05	43.5
1_268	2_246	24.540	163	103	5	4	161	446	593	6.38e-08	46.6
1_268	2_246	20.000	190	111	5	5	179	390	553	2.31e-05	38.9
1_268	2_246	26.891	119	64	5	10	116	535	642	9.67e-05	37.0
1_268	2_303	26.163	172	107	5	10	176	311	467	8.53e-08	45.8
1_268	2_303	32.143	112	68	4	4	109	390	499	9.02e-08	45.8
1_268	2_303	23.889	180	112	6	10	180	251	414	1.60e-06	42.4
1_268	2_303	28.099	121	74	3	57	174	186	296	1.14e-05	39.7
1_268	2_215	26.744	172	95	9	4	175	128	268	2.15e-06	41.6
1_269	2_122	85.370	540	75	3	1	537	1	539	0.0	939
1_270	2_300	68.508	362	63	7	103	426	269	617	5.56e-145	421
1_270	2_300	58.333	108	34	4	1	103	1	102	8.37e-23	95.5
1_272	2_246	88.114	875	79	7	1	858	1	867	0.0	1560
1_272	2_303	32.164	342	221	6	322	655	156	494	9.25e-54	193
1_272	2_303	29.683	347	205	6	281	621	175	488	2.71e-45	168
1_272	2_303	22.381	210	111	5	450	659	80	237	1.25e-05	43.1
1_272	2_215	36.139	202	119	3	409	602	128	327	1.93e-36	137
1_272	2_215	27.815	302	195	5	438	730	128	415	1.82e-35	134
1_272	2_215	31.982	222	141	3	349	562	125	344	1.65e-31	122
1_272	2_215	29.012	162	104	3	510	663	116	274	1.18e-20	90.1
1_272	2_215	30.000	80	54	1	296	375	251	328	2.74e-06	45.1
1_272	2_133	26.050	357	224	12	310	630	222	574	3.78e-24	103
1_272	2_133	24.107	448	265	18	293	678	331	765	4.80e-22	96.7
1_272	2_133	29.148	223	137	7	440	646	270	487	1.86e-15	75.1
1_272	2_133	24.798	371	230	15	324	655	105	465	3.11e-13	67.8
1_273	2_191	37.671	146	81	4	10	150	55	195	1.02e-19	78.2
1_273	2_245	37.241	145	81	4	11	150	146	285	2.18e-18	75.1
1_273	2_266	40.196	102	41	6	12	102	62	154	3.70e-13	60.1
1_274	2_5	90.296	371	35	1	1	370	1	371	0.0	666
1_275	2_294	57.513	193	79	2	1	190	152	344	1.31e-78	233
1_275	2_4	27.976	168	103	6	3	165	150	304	2.49e-09	50.4
1_276	2_214	94.208	587	32	2	60	645	20	605	0.0	1101
1_277	2_34	76.293	464	108	2	2	463	19	482	0.0	737
1_277	2_3	40.102	394	233	2	19	409	85	478	1.48e-99	303
1_279	2_35	86.545	929	105	3	1	929	1	909	0.0	1657
1_280	2_307	23.664	131	93	4	3	130	168	294	3.25e-07	44.3
1_281	2_187	70.988	324	91	3	1	322	1	323	3.70e-168	465
1_283	2_315	93.510	339	18	1	1	335	1	339	0.0	655
1_283	2_336	40.000	50	24	2	35	84	4	47	1.66e-05	40.4
1_284	2_10	85.075	67	10	0	1	67	167	233	2.50e-37	119
1_285	2_307	54.974	191	82	3	3	191	104	292	6.81e-70	213
1_286	2_157	93.636	110	7	0	344	453	3	112	5.89e-71	215
1_287	2_259	98.911	551	6	0	1	551	1	551	0.0	1110
1_288	2_93	29.070	344	194	9	94	431	68	367	5.77e-35	132
1_288	2_36	26.316	209	130	8	146	343	195	390	9.30e-05	39.7
1_288	2_286	22.300	287	188	14	180	451	274	540	2.50e-04	38.1
1_288	2_225	26.957	115	79	3	167	278	290	402	2.70e-04	38.1
1_289	2_272	74.339	378	95	2	6	382	1	377	0.0	583
1_290	2_291	96.198	263	10	0	1	263	1	263	0.0	539
1_290	2_165	24.752	202	140	3	72	263	34	233	1.04e-11	60.8
1_291	2_337	35.411	353	180	11	210	556	9	319	3.01e-45	157
1_291	2_167	44.886	176	88	2	381	556	3	169	6.44e-41	141
1_293	2_81	19.187	443	277	18	514	923	469	863	3.65e-04	38.9
1_294	2_48	88.115	244	29	0	3	246	4	247	4.77e-165	451
1_295	2_294	60.837	263	101	1	14	274	7	269	1.98e-116	333
1_295	2_4	31.068	206	125	7	31	231	25	218	3.53e-16	72.0
1_295	2_160	26.573	143	103	2	90	231	569	710	1.08e-09	53.1
1_295	2_160	26.829	123	78	4	135	253	264	378	4.87e-08	48.1
1_295	2_342	24.631	203	132	8	27	226	193	377	1.12e-05	40.8
1_295	2_104	26.606	109	67	4	125	226	1011	1113	1.17e-05	40.8
1_296	2_0	25.000	496	278	12	126	609	137	550	1.24e-27	114
1_297	2_162	37.662	77	46	1	30	104	11	87	4.84e-08	43.9
1_297	2_149	30.769	52	36	0	52	103	4	55	1.95e-04	33.5
1_298	2_277	61.789	246	88	3	9	248	9	254	6.01e-102	298
1_299	2_87	66.246	1031	347	1	17	1047	15	1044	0.0	1400
1_300	2_29	70.173	1274	252	39	1	1216	1	1204	0.0	1496
1_300	2_141	44.487	263	135	6	954	1212	540	795	5.25e-63	225
1_300	2_77	38.577	267	141	11	957	1214	53	305	2.20e-44	158
1_300	2_38	35.547	256	134	8	968	1213	988	1222	2.95e-40	157
1_302	2_167	36.364	132	75	4	82	212	3	126	5.52e-20	78.6
1_302	2_337	31.707	164	100	5	49	211	123	275	4.07e-19	79.0
1_304	2_240	86.069	524	69	3	3	522	1	524	0.0	941
1_305	2_78	87.941	2861	345	0	849	3709	817	3677	0.0	5274
1_305	2_78	69.797	394	117	2	460	852	49	441	1.55e-158	550
1_305	2_76	83.310	2894	450	2	849	3709	527	3420	0.0	5049
1_305	2_76	73.510	151	40	0	702	852	1	151	7.14e-61	228
1_305	2_317	34.093	2939	1789	45	874	3709	296	3189	0.0	1696
1_305	2_322	32.821	2995	1832	48	844	3709	1073	4016	0.0	1608
1_306	2_307	25.610	246	163	8	43	281	12	244	7.23e-16	71.2
1_307	2_99	77.011	261	57	2	1	258	1	261	5.08e-146	414
1_308	2_78	83.845	2377	382	2	1001	3376	49	2424	0.0	4126
1_308	2_76	82.474	2134	374	0	1243	3376	1	2134	0.0	3667
1_308	2_317	34.930	1921	1157	26	1519	3374	4	1896	0.0	1135
1_308	2_322	31.533	2277	1436	32	1177	3374	492	2724	0.0	1107
1_309	2_2	93.843	471	25	2	1	470	6	473	0.0	917
1_311	2_209	37.288	236	126	4	4	236	153	369	1.52e-44	149
1_311	2_282	40.000	165	96	2	79	243	311	472	2.52e-37	131
1_311	2_282	43.750	32	18	0	1	32	186	217	1.42e-04	37.0
1_311	2_52	32.636	239	154	4	5	241	166	399	2.37e-36	128
1_312	2_177	93.411	4917	314	6	1	4912	1	4912	0.0	9410
1_314	2_203	91.098	1640	137	7	95	1731	94	1727	0.0	2983
1_315	2_156	76.098	205	49	0	1088	1292	302	506	1.26e-109	350
1_315	2_225	25.773	582	362	13	355	920	118	645	3.40e-41	158
1_315	2_286	25.767	489	286	20	363	821	87	528	3.21e-28	115
1_315	2_69	26.625	323	203	8	363	670	33	336	4.26e-24	101
1_315	2_36	25.786	318	190	7	363	670	58	339	1.06e-18	85.5
1_315	2_311	25.571	219	145	3	465	682	1	202	1.88e-17	80.9
1_315	2_62	26.271	236	140	9	363	583	30	246	2.06e-13	66.6
1_315	2_247	24.771	218	132	7	428	642	49	237	6.13e-10	55.8
1_315	2_21	29.730	148	91	6	857	1000	143	281	3.74e-08	51.2
1_315	2_21	41.818	55	31	1	551	604	9	63	1.12e-04	40.4
1_315	2_93	21.918	219	158	5	543	751	138	353	1.79e-05	43.1
1_316	2_279	74.910	558	122	6	1	555	1	543	0.0	821
1_318	2_341	86.494	348	47	0	1	348	1	348	0.0	622
1_322	2_293	94.585	868	47	0	1	868	1	868	0.0	1716
1_323	2_221	86.858	487	63	1	1	486	1	487	0.0	890
1_324	2_191	82.443	262	30	5	1	261	56	302	6.10e-147	408
1_324	2_245	83.969	262	27	4	1	261	146	393	2.18e-141	397
1_324	2_266	27.935	247	139	10	2	225	62	292	1.54e-17	75.5
1_325	2_312	89.362	611	65	0	11	621	175	785	0.0	1086
1_326	2_252	73.383	402	104	3	1	400	1	401	0.0	647
1_327	2_173	91.304	161	14	0	1	161	1	161	8.10e-99	276
1_328	2_97	79.454	842	172	1	8	849	7	847	0.0	1313
1_329	2_257	56.155	2892	1089	69	1	2809	1	2796	0.0	2623
1_330	2_241	90.323	775	35	10	1	762	1	748	0.0	1139
1_330	2_183	51.691	207	74	3	171	374	84	267	8.93e-64	215
1_331	2_307	32.000	250	141	6	35	265	6	245	2.34e-31	112
1_332	2_4	25.225	333	192	9	133	452	15	303	2.89e-25	101
1_332	2_294	23.867	331	213	12	137	455	18	321	9.35e-18	79.0
1_332	2_160	25.556	270	163	9	119	375	131	375	1.24e-15	73.9
1_332	2_160	24.107	336	184	13	132	459	509	781	1.04e-12	64.7
1_332	2_342	21.127	213	139	5	138	349	192	376	3.40e-05	40.4
1_333	2_249	97.391	230	6	0	1	230	1	230	1.83e-169	461
1_335	2_304	76.739	460	105	1	8	467	5	462	0.0	743
1_336	2_156	74.634	205	51	1	114	317	302	506	4.47e-115	337
1_337	2_225	50.693	361	172	1	1167	1527	192	546	4.39e-116	384
1_337	2_311	50.000	194	97	0	1202	1395	1	194	2.05e-59	207
1_337	2_311	48.889	45	23	0	1484	1528	197	241	5.87e-06	45.8
1_337	2_286	27.507	349	223	10	1190	1529	189	516	2.65e-24	105
1_337	2_36	35.185	162	100	2	1247	1404	196	356	4.94e-23	100
1_337	2_69	30.043	233	147	5	1167	1392	114	337	6.55e-23	99.8
1_337	2_128	29.032	217	112	6	1325	1538	35	212	1.36e-19	85.1
1_337	2_62	29.932	147	88	4	1167	1306	111	249	2.13e-10	58.9
1_337	2_247	27.011	174	116	5	1196	1366	75	240	6.20e-08	50.8
1_337	2_21	31.818	66	45	0	1263	1328	1	66	9.81e-07	48.1
1_337	2_93	23.140	121	92	1	1263	1383	138	257	1.17e-04	41.6
1_338	2_165	97.710	262	6	0	1	262	1	262	0.0	533
1_338	2_291	23.697	211	148	4	34	242	72	271	5.36e-14	64.7
1_339	2_189	91.304	115	10	0	1	115	1	115	5.44e-78	220
1_341	2_328	76.335	562	123	6	1	556	1	558	0.0	840
1_344	2_251	85.906	149	21	0	1	149	20	168	4.46e-96	269
1_345	2_284	79.374	543	111	1	1	543	1	542	0.0	861
1_346	2_195	89.960	249	25	0	1	249	1	249	5.02e-172	469
1_348	2_302	89.269	438	44	1	1	435	1	438	0.0	838
1_350	2_61	64.800	125	44	0	190	314	16	140	1.22e-53	177
1_350	2_314	54.902	102	46	0	113	214	26	127	1.44e-35	125
1_351	2_98	89.801	1559	118	10	1	1553	1	1524	0.0	2729
1_353	2_74	63.845	567	197	4	1	566	1	560	0.0	756
1_355	2_343	23.501	417	290	12	188	597	156	550	1.72e-27	111
1_356	2_225	46.804	485	224	4	115	574	58	533	2.71e-146	436
1_356	2_311	50.570	263	108	3	293	536	1	260	4.51e-76	243
1_356	2_311	50.000	36	18	0	540	575	193	228	1.84e-05	41.6
1_356	2_286	25.173	433	252	15	193	572	86	499	1.43e-30	120
1_356	2_36	28.221	326	179	11	193	490	57	355	3.68e-24	100
1_356	2_69	29.870	308	171	11	192	459	30	332	5.78e-24	99.8
1_356	2_62	28.507	221	134	6	193	393	29	245	2.38e-14	67.8
1_356	2_128	27.586	203	106	7	382	575	17	187	2.46e-11	58.5
1_356	2_247	23.784	185	111	5	275	437	63	239	6.24e-07	45.4
1_356	2_21	38.182	55	34	0	354	408	1	55	6.00e-06	43.1
1_357	2_225	41.506	518	292	7	889	1401	192	703	6.77e-125	402
1_357	2_311	49.362	235	113	2	924	1153	1	234	5.95e-63	216
1_357	2_311	47.273	55	29	0	1211	1265	204	258	2.12e-08	52.4
1_357	2_286	28.291	357	230	9	889	1239	170	506	7.58e-26	108
1_357	2_69	27.946	297	183	9	879	1161	111	390	1.28e-20	91.3
1_357	2_36	31.016	187	122	4	938	1123	168	348	7.08e-20	89.4
1_357	2_128	26.977	215	117	7	1062	1275	49	224	6.55e-16	73.2
1_357	2_247	29.282	181	116	5	912	1089	69	240	1.78e-12	63.5
1_357	2_62	30.323	155	85	6	879	1026	108	246	1.93e-08	51.6
1_357	2_21	33.333	54	36	0	986	1039	1	54	4.31e-06	45.1
1_358	2_299	85.269	353	47	2	10	362	48	395	0.0	642
1_359	2_329	46.927	179	93	1	67	243	48	226	7.13e-59	181
1_360	2_307	32.653	147	96	1	185	331	147	290	1.44e-25	102
1_361	2_134	91.097	629	56	0	1	629	1	629	0.0	1216
1_362	2_57	70.068	588	155	5	1	583	1	572	0.0	832
1_363	2_27	82.540	315	55	0	1	315	1	315	0.0	553
1_364	2_179	35.897	78	48	2	86	162	26	102	4.73e-10	51.6
1_365	2_93	29.915	234	132	11	27	246	30	245	4.04e-17	74.7
1_365	2_36	29.293	99	68	2	148	246	223	319	8.70e-05	37.7
1_365	2_225	27.358	106	73	2	142	244	290	394	2.40e-04	36.6
1_366	2_238	56.716	134	47	1	1	123	19	152	2.91e-50	153
1_367	2_46	83.642	324	53	0	1	324	1	324	0.0	578
1_368	2_201	62.899	345	93	15	2	334	5	326	2.03e-104	304
1_369	2_141	29.412	221	145	6	206	424	585	796	2.18e-31	121
1_369	2_29	32.883	222	135	9	206	424	991	1201	5.00e-24	99.8
1_369	2_38	29.825	228	131	10	201	420	1012	1218	5.17e-22	93.6
1_369	2_77	28.761	226	138	9	202	420	91	300	6.48e-20	84.7
1_370	2_64	80.938	320	59	1	1	318	1	320	0.0	533
1_371	2_136	34.772	417	245	7	4	394	181	596	9.45e-67	219
1_372	2_47	37.778	45	28	0	215	259	182	226	3.96e-04	35.8
1_373	2_242	82.723	191	33	0	61	251	1	191	1.10e-116	327
1_376	2_153	87.302	252	32	0	8	259	7	258	3.37e-176	480
1_377	2_211	95.205	438	21	0	1	438	1	438	0.0	878
1_379	2_316	80.571	175	34	0	4	178	7	181	4.32e-109	304
1_380	2_147	86.774	310	35	1	1	310	1	304	0.0	561
1_381	2_244	90.683	644	59	1	1	644	1	643	0.0	1238
1_382	2_89	67.870	803	251	5	1	800	51	849	0.0	1132
1_382	2_265	29.587	774	471	17	40	800	108	820	6.89e-105	336
1_383	2_254	73.913	138	36	0	1	138	1	138	1.63e-76	219
1_385	2_146	79.154	1324	252	13	23	1336	68	1377	0.0	2092
1_385	2_24	23.897	272	160	6	243	476	23	285	2.11e-15	74.3
1_385	2_24	31.818	110	65	4	546	653	284	385	1.03e-06	47.0
1_386	2_290	95.259	232	11	0	1	232	1	232	1.42e-171	466
1_387	2_225	46.429	364	167	3	57	401	58	412	2.03e-107	329
1_387	2_311	62.366	186	51	1	235	401	1	186	2.87e-71	225
1_387	2_36	28.283	297	169	9	133	401	55	335	9.40e-25	100
1_387	2_69	29.870	308	171	11	134	401	30	332	1.12e-24	100
1_387	2_286	27.451	306	171	11	135	401	86	379	4.00e-24	99.0
1_387	2_62	28.070	228	130	8	133	335	27	245	9.54e-15	68.6
1_387	2_247	23.656	186	112	5	217	380	63	240	2.89e-07	45.8
1_387	2_21	38.182	55	34	0	296	350	1	55	4.32e-06	42.7
1_388	2_307	48.288	292	142	6	40	327	13	299	3.19e-88	265
1_389	2_164	82.655	565	79	7	1	565	1	546	0.0	918
1_390	2_79	75.577	1343	320	5	1	1341	1	1337	0.0	2048
1_392	2_348	89.608	510	51	2	1	509	1	509	0.0	919
1_395	2_92	87.755	392	47	1	1	392	1	391	0.0	715
1_396	2_184	54.459	314	122	8	1	309	149	446	2.20e-58	189
1_398	2_349	84.864	806	119	2	2	807	3	805	0.0	1356
1_399	2_56	68.727	550	120	17	1	534	1	514	2.11e-167	479
1_401	2_344	60.324	247	81	7	3	245	6	239	1.14e-98	283
1_402	2_281	83.131	824	129	8	1	823	1	815	0.0	1356
1_404	2_307	33.667	300	186	6	37	333	6	295	2.31e-47	160
1_405	2_190	72.881	472	88	8	2	470	3	437	0.0	661
1_406	2_49	94.340	424	24	0	1	424	1	424	0.0	820
1_407	2_8	89.005	573	57	3	1	573	1	567	0.0	1051
1_408	2_181	96.850	127	4	0	1	127	1	127	4.42e-91	254
1_409	2_47	31.280	211	121	5	1	192	23	228	4.13e-27	100
1_410	2_42	73.643	258	68	0	6	263	24	281	2.90e-139	388
1_411	2_105	76.708	644	133	9	1	636	1	635	0.0	910
1_413	2_273	87.143	210	27	0	1	210	92	301	3.93e-136	379
1_414	2_327	75.214	234	55	3	1	234	1	231	4.78e-116	354
1_415	2_152	83.721	430	68	1	1	430	18	445	0.0	755
1_416	2_35	33.333	60	38	1	230	289	356	413	1.04e-04	39.3
1_417	2_126	61.593	427	152	8	1	427	1	415	1.60e-176	494
1_418	2_208	63.158	171	61	1	1	171	101	269	3.05e-80	234
1_420	2_1	81.269	662	119	4	1	657	1	662	0.0	1117
1_421	2_338	52.331	665	300	8	1	657	2	657	0.0	644
1_422	2_123	80.619	614	98	9	1	601	1	606	0.0	683
1_422	2_289	51.064	47	23	0	249	295	295	341	3.38e-11	59.7
1_423	2_305	39.007	141	83	2	1	139	1	140	1.32e-19	75.1
1_424	2_182	95.122	492	24	0	29	520	57	548	0.0	974
1_424	2_81	28.729	181	109	6	155	315	54	234	1.27e-10	58.5
1_424	2_104	25.410	122	81	4	106	217	620	741	2.27e-05	41.6
1_425	2_104	73.354	1276	319	11	30	1291	21	1289	0.0	1928
1_425	2_342	42.857	161	85	3	1017	1177	286	439	1.21e-37	142
1_425	2_342	29.907	107	62	5	826	932	181	274	2.25e-05	42.7
1_425	2_160	22.967	209	127	8	1031	1221	621	813	1.54e-07	50.1
1_425	2_160	21.622	148	109	4	1017	1164	257	397	2.49e-07	49.3
1_425	2_4	25.180	139	85	5	1003	1134	106	232	1.04e-06	46.6
1_425	2_81	30.081	123	76	5	368	483	167	286	1.95e-05	43.5
1_426	2_150	87.172	647	83	0	8	654	8	654	0.0	1204
1_427	2_19	87.500	472	42	8	1	469	1	458	0.0	798
1_428	2_33	65.986	588	171	4	33	600	7	585	0.0	793
1_429	2_33	27.488	422	207	17	28	429	239	581	1.47e-38	141
1_430	2_323	94.685	1016	54	0	1	1016	1	1016	0.0	2038
1_430	2_51	30.052	762	511	12	53	807	10	756	2.09e-94	315
1_430	2_306	35.421	463	294	5	63	522	1	461	1.36e-79	271
1_430	2_306	34.286	175	112	3	629	802	491	663	1.89e-27	114
1_430	2_37	30.720	625	383	15	196	799	12	607	8.59e-77	261
1_430	2_116	29.730	148	95	3	1016	1157	5418	5562	3.69e-06	45.8
1_430	2_234	30.108	93	57	3	173	263	28	114	4.78e-05	41.2
1_431	2_323	88.998	1018	108	2	7	1023	1	1015	0.0	1887
1_431	2_51	29.358	763	515	13	59	813	10	756	5.99e-92	305
1_431	2_306	36.501	463	289	5	69	528	1	461	2.29e-84	282
1_431	2_306	34.286	175	112	3	635	808	491	663	1.08e-27	114
1_431	2_37	30.080	625	387	15	202	805	12	607	5.55e-76	257
1_431	2_234	29.032	93	58	3	179	269	28	114	0.001	37.0
1_432	2_33	64.605	582	179	3	13	570	7	585	0.0	772
