0_0	2_195	89.558	249	26	0	1	249	1	249	1.38e-171	468
0_1	2_211	95.890	438	18	0	1	438	1	438	0.0	880
0_2	2_119	79.188	591	118	4	1	589	1	588	0.0	986
0_3	2_134	90.620	629	59	0	1	629	1	629	0.0	1219
0_4	2_252	75.990	404	94	3	1	402	1	403	0.0	671
0_5	2_179	34.211	76	50	0	28	103	26	101	1.32e-09	50.1
0_6	2_212	98.810	168	2	0	1	168	1	168	1.95e-122	337
0_7	2_74	65.141	568	189	5	1	567	1	560	0.0	764
0_8	2_66	43.539	356	189	5	1	348	57	408	1.34e-97	290
0_9	2_236	82.857	210	35	1	1	210	1	209	2.34e-111	312
0_10	2_201	60.991	323	85	11	21	324	26	326	1.25e-102	299
0_12	2_152	84.419	430	65	2	1	430	18	445	0.0	755
0_13	2_172	84.651	1075	155	8	1	1068	1	1072	0.0	1457
0_13	2_234	24.719	89	67	0	296	384	23	111	3.57e-04	38.1
0_14	2_341	86.494	348	47	0	1	348	1	348	0.0	623
0_15	2_192	38.372	86	53	0	287	372	987	1072	2.56e-14	68.9
0_15	2_192	36.842	76	45	2	1	73	1	76	3.95e-10	55.8
0_15	2_47	30.000	80	47	4	1	73	1	78	3.22e-07	45.4
0_16	2_334	95.794	642	27	0	1	642	1	642	0.0	1262
0_17	2_343	25.000	400	252	12	12	396	184	550	7.84e-28	110
0_18	2_286	27.737	137	95	3	151	285	301	435	1.02e-06	44.3
0_18	2_36	35.185	54	35	0	183	236	288	341	1.89e-04	37.0
0_18	2_69	26.549	113	78	1	158	270	260	367	4.42e-04	35.8
0_19	2_288	80.886	361	63	2	1	355	1	361	0.0	554
0_19	2_292	44.776	67	37	0	133	199	71	137	1.66e-13	64.3
0_20	2_83	84.068	703	105	5	1	701	1	698	0.0	1217
0_22	2_158	62.474	477	162	3	1	469	5	472	0.0	612
0_22	2_107	21.759	432	304	11	54	465	48	465	6.39e-18	80.5
0_22	2_91	39.474	38	23	0	62	99	184	221	7.26e-04	36.2
0_23	2_52	51.795	390	167	6	14	392	27	406	3.96e-128	370
0_23	2_209	30.270	370	222	7	22	380	25	369	2.57e-53	176
0_23	2_282	44.512	164	86	3	225	385	309	470	3.04e-39	140
0_23	2_282	31.579	171	108	4	15	183	51	214	8.16e-14	67.0
0_25	2_175	82.301	226	40	0	1	226	1	226	2.00e-142	392
0_26	2_151	52.500	80	29	3	37	108	54	132	1.32e-19	73.2
0_27	2_141	96.825	252	8	0	351	602	546	797	0.0	538
0_27	2_141	68.657	335	76	10	27	354	35	347	2.30e-114	354
0_27	2_29	44.922	256	134	5	350	600	947	1200	3.35e-64	223
0_27	2_38	37.255	255	134	9	355	600	984	1221	8.02e-38	145
0_27	2_77	35.802	243	140	8	360	597	69	300	8.80e-38	137
0_29	2_345	90.865	624	51	1	1	624	1	618	0.0	1184
0_30	2_93	26.768	396	217	11	51	430	29	367	2.40e-34	128
0_30	2_286	21.970	264	177	10	180	431	274	520	9.48e-07	45.4
0_30	2_36	26.794	209	129	8	146	343	195	390	2.12e-05	40.8
0_31	2_90	52.638	872	394	8	1	867	1	858	0.0	882
0_33	2_349	84.988	806	117	3	2	806	3	805	0.0	1340
0_34	2_49	94.575	424	23	0	1	424	1	424	0.0	820
0_36	2_109	87.211	563	71	1	1	563	1	562	0.0	991
0_40	2_163	87.838	1036	125	1	1	1036	1	1035	0.0	1877
0_41	2_321	98.469	196	3	0	1	196	70	265	8.32e-145	398
0_41	2_22	48.889	90	38	4	70	153	61	148	8.44e-15	64.7
0_41	2_54	49.180	61	29	1	90	150	75	133	8.79e-12	57.4
0_42	2_208	67.669	266	83	2	9	274	7	269	2.04e-134	375
0_42	2_40	32.584	89	53	3	14	102	6	87	2.78e-06	42.0
0_44	2_309	55.862	145	33	1	1	114	63	207	1.08e-43	145
0_44	2_243	40.816	147	54	2	1	114	129	275	3.81e-31	110
0_44	2_320	43.165	139	48	1	2	109	65	203	3.44e-28	102
0_44	2_114	37.681	138	55	1	2	108	66	203	6.80e-27	98.6
0_45	2_1	81.873	662	115	4	1	657	1	662	0.0	1129
0_46	2_336	37.037	54	32	1	30	83	9	60	1.02e-07	45.1
0_48	2_67	84.138	145	20	1	1	145	1	142	1.47e-84	239
0_48	2_298	55.147	136	27	1	10	145	19	120	4.80e-46	141
0_49	2_238	53.896	154	51	1	1	154	19	152	3.85e-51	157
0_50	2_237	43.750	192	108	0	233	424	180	371	2.50e-48	169
0_51	2_110	88.660	97	11	0	20	116	40	136	2.06e-58	188
0_53	2_24	97.922	385	8	0	1	385	1	385	0.0	792
0_53	2_146	25.373	268	155	6	23	283	291	520	3.25e-18	81.3
0_53	2_146	32.258	93	52	4	284	367	592	682	2.39e-05	40.8
0_56	2_20	77.461	2418	515	16	1	2405	663	3063	0.0	3518
0_56	2_154	77.461	2418	515	16	1	2405	663	3063	0.0	3516
0_56	2_13	77.461	2418	515	16	1	2405	663	3063	0.0	3516
0_57	2_307	31.818	66	44	1	3	68	186	250	2.32e-06	41.2
0_58	2_2	95.178	394	15	2	1	394	6	395	0.0	776
0_60	2_285	66.514	436	134	3	1	428	1	432	0.0	572
0_61	2_6	66.029	418	132	6	1	416	1	410	0.0	573
0_61	2_35	24.022	179	110	5	116	282	381	545	7.61e-04	36.2
0_62	2_192	38.028	71	41	2	1	69	1	70	3.11e-11	58.5
0_62	2_47	22.989	87	59	2	1	82	1	84	1.00e-04	37.4
0_63	2_142	77.338	278	58	4	17	292	5	279	3.20e-159	439
0_64	2_27	81.587	315	58	0	1	315	1	315	0.0	548
0_65	2_281	78.009	864	131	10	1	855	1	814	0.0	1314
0_66	2_111	84.426	122	19	0	1	122	1	122	9.53e-70	200
0_67	2_215	77.518	427	91	2	1	427	1	422	0.0	688
0_67	2_246	36.283	226	122	5	130	335	391	614	8.52e-41	149
0_67	2_246	36.667	210	118	5	128	335	446	642	3.89e-40	147
0_67	2_246	33.023	215	130	3	123	335	355	557	5.75e-33	126
0_67	2_246	35.057	174	98	3	128	299	502	662	6.15e-29	114
0_67	2_246	28.358	201	109	4	166	331	296	496	5.64e-22	93.2
0_67	2_246	24.409	127	66	3	216	338	290	390	3.62e-05	40.4
0_67	2_303	33.659	205	126	3	128	331	246	441	3.78e-38	141
0_67	2_303	34.188	234	134	4	125	350	182	403	2.29e-35	133
0_67	2_303	28.904	301	190	7	128	427	306	583	2.30e-31	121
0_67	2_303	25.911	247	113	6	170	346	97	343	5.36e-19	84.0
0_67	2_133	25.106	235	142	4	130	342	363	585	4.41e-20	87.4
0_67	2_133	25.893	224	146	5	124	335	229	444	3.88e-11	59.3
0_67	2_133	22.433	263	140	10	118	329	406	655	9.40e-08	48.5
0_67	2_133	23.810	210	126	6	118	301	542	743	5.37e-06	43.1
0_67	2_133	20.165	243	159	8	111	328	457	689	2.10e-05	41.2
0_68	2_209	53.425	365	163	2	1	364	1	359	6.72e-134	385
0_68	2_282	28.928	401	219	7	26	364	59	455	7.57e-55	184
0_68	2_52	31.153	321	211	3	53	364	65	384	2.00e-50	171
0_69	2_307	89.051	137	14	1	1	136	156	292	8.31e-86	251
0_70	2_26	28.906	256	140	12	77	325	117	337	3.26e-17	75.9
0_71	2_115	74.138	638	156	5	3	639	2	631	0.0	984
0_72	2_167	33.721	86	48	4	71	155	3	80	9.72e-07	41.2
0_72	2_337	28.926	121	76	5	37	155	118	230	1.10e-06	41.6
0_73	2_54	71.471	340	59	8	1	312	1	330	3.58e-158	440
0_73	2_22	40.741	81	41	1	52	132	71	144	4.63e-13	62.0
0_73	2_321	49.180	61	29	1	75	133	159	219	4.22e-11	57.0
0_74	2_153	87.302	252	32	0	8	259	7	258	2.15e-176	481
0_75	2_104	71.710	1269	338	11	2	1255	26	1288	0.0	1856
0_75	2_342	42.857	161	85	3	982	1142	286	439	2.10e-37	141
0_75	2_342	29.412	136	73	6	791	916	181	303	1.11e-05	43.5
0_75	2_160	24.155	207	127	8	996	1186	621	813	2.42e-08	52.8
0_75	2_160	21.622	148	109	4	982	1129	257	397	1.88e-07	49.7
0_75	2_4	25.899	139	84	5	968	1099	106	232	3.58e-07	48.1
0_75	2_182	25.926	162	102	6	565	721	207	355	5.12e-06	45.1
0_75	2_182	29.032	124	76	6	582	705	134	245	6.26e-05	41.2
0_75	2_81	27.419	124	80	5	334	450	167	287	4.01e-04	38.9
0_78	2_214	94.539	586	31	1	61	645	20	605	0.0	1106
0_80	2_292	80.989	263	36	6	1	258	1	254	2.99e-133	371
0_80	2_288	44.776	67	37	0	70	136	133	199	3.26e-13	63.2
0_81	2_319	76.769	848	195	2	1	846	1	848	0.0	1296
0_82	2_221	85.832	487	69	0	1	487	1	487	0.0	884
0_85	2_102	83.529	85	14	0	1	85	1	85	7.98e-50	147
0_86	2_176	84.469	367	56	1	4	369	6	372	0.0	590
0_87	2_50	39.412	170	92	5	9	175	1	162	1.33e-34	115
0_88	2_125	54.485	301	132	4	1	297	93	392	3.43e-112	325
0_88	2_229	51.815	303	127	8	1	295	98	389	5.84e-101	296
0_88	2_204	48.515	303	148	6	1	299	99	397	2.96e-99	292
0_88	2_161	49.675	308	138	8	1	298	94	394	4.94e-97	286
0_89	2_174	85.076	4409	648	8	1	4403	1	4405	0.0	7858
0_90	2_302	90.868	438	38	2	1	436	1	438	0.0	840
0_91	2_98	90.874	1534	124	9	1	1528	1	1524	0.0	2731
0_92	2_121	80.710	451	87	0	1	451	1	451	0.0	787
0_92	2_340	22.112	303	184	9	163	421	193	487	9.06e-11	58.2
0_93	2_106	55.882	34	15	0	29	62	49	82	9.28e-08	41.6
0_93	2_23	36.207	58	36	1	6	62	26	83	2.71e-07	40.4
0_96	2_336	76.923	104	24	0	31	134	1	104	1.02e-57	179
0_96	2_315	52.632	38	17	1	41	77	47	84	7.82e-07	41.6
0_97	2_157	97.321	112	3	0	15	126	1	112	1.49e-78	222
0_99	2_276	39.000	500	240	7	7	499	16	457	3.99e-108	326
0_99	2_260	30.818	159	95	3	31	183	29	178	2.77e-11	57.4
0_100	2_93	70.745	376	48	4	65	439	114	428	1.03e-176	498
0_100	2_93	82.759	29	5	0	37	65	1	29	1.20e-11	60.8
0_100	2_36	26.596	188	131	4	76	261	202	384	8.96e-12	61.2
0_100	2_69	26.380	163	116	2	76	238	199	357	5.55e-11	58.9
0_100	2_225	27.559	127	92	0	89	215	288	414	7.01e-09	52.4
0_100	2_286	22.917	192	137	3	86	271	253	439	1.47e-07	48.1
0_100	2_311	23.611	144	110	0	77	220	50	193	6.28e-05	39.7
0_102	2_200	75.714	280	67	1	1	279	1	280	1.46e-165	457
0_103	2_89	74.286	420	107	1	2	420	430	849	0.0	673
0_103	2_265	36.700	406	247	8	20	420	420	820	7.55e-83	265
0_104	2_40	83.858	254	41	0	16	269	1	254	6.98e-166	454
0_104	2_208	37.079	89	50	2	21	103	12	100	2.14e-09	51.6
0_105	2_187	72.531	324	86	3	1	322	1	323	1.14e-173	479
0_106	2_335	90.909	440	35	1	7	441	6	445	0.0	816
0_107	2_225	39.216	459	177	5	53	409	68	526	4.83e-96	303
0_107	2_311	38.727	377	168	7	167	496	1	361	2.86e-63	207
0_107	2_286	22.986	422	219	15	87	412	86	497	6.21e-21	90.5
0_107	2_36	24.859	354	194	13	38	332	7	347	8.67e-16	73.9
0_107	2_69	25.857	321	168	14	77	329	21	339	4.95e-15	71.6
0_107	2_247	23.577	246	127	9	88	301	24	240	1.05e-07	47.4
0_107	2_128	25.658	152	94	6	261	406	36	174	6.14e-05	38.9
0_107	2_62	24.299	214	115	10	57	230	2	208	1.28e-04	38.1
0_108	2_132	82.637	1388	215	16	1	1376	1	1374	0.0	2264
0_110	2_12	72.222	702	92	16	1	685	1	616	0.0	900
0_111	2_153	87.111	225	29	0	1	225	34	258	5.02e-157	430
0_112	2_78	84.057	3663	575	3	597	4258	23	3677	0.0	6413
0_112	2_76	81.930	3420	585	2	872	4258	1	3420	0.0	5845
0_112	2_317	33.302	3225	1998	48	1148	4258	4	3189	0.0	1816
0_112	2_322	30.579	3594	2285	56	806	4258	492	4016	0.0	1719
0_113	2_16	56.618	136	45	4	1	131	1	127	6.28e-42	130
0_114	2_106	44.948	287	143	5	61	337	23	304	3.74e-72	226
0_114	2_23	36.649	382	183	7	61	437	24	351	1.23e-71	225
0_115	2_300	67.139	353	81	5	103	424	269	617	3.12e-142	414
0_115	2_300	66.981	106	28	4	1	103	1	102	2.84e-23	97.1
0_116	2_61	84.800	125	19	0	293	417	16	140	6.59e-72	227
0_116	2_314	57.426	101	43	0	217	317	27	127	2.43e-34	122
0_116	2_237	24.585	301	197	7	531	815	36	322	9.22e-15	72.0
0_117	2_18	77.500	760	166	3	1	760	1	755	0.0	1196
0_117	2_101	40.541	37	22	0	98	134	27	63	4.19e-04	38.1
0_119	2_71	74.110	927	234	4	1	926	1	922	0.0	1426
0_122	2_184	54.683	331	129	8	1	326	136	450	2.95e-64	205
0_123	2_81	94.915	177	9	0	1	177	257	433	4.54e-113	350
0_123	2_81	27.857	140	81	5	80	206	539	671	5.65e-07	44.3
0_123	2_81	28.099	121	72	4	61	166	712	832	8.05e-05	37.7
0_123	2_81	29.412	119	70	5	82	193	637	748	3.58e-04	35.8
0_124	2_347	30.677	251	106	7	4	196	5	245	8.43e-22	84.7
0_125	2_179	37.179	78	47	2	76	152	26	102	2.93e-11	55.1
0_126	2_11	66.390	1083	274	18	8	1030	7	1059	0.0	1366
0_127	2_316	74.444	180	46	0	5	184	2	181	4.13e-103	289
0_128	2_315	94.970	338	13	1	1	334	1	338	0.0	667
0_128	2_336	40.000	50	24	2	35	84	4	47	1.77e-05	40.4
0_129	2_259	99.093	551	5	0	1	551	1	551	0.0	1111
0_130	2_242	82.723	191	32	1	1	190	1	191	4.38e-118	328
0_131	2_77	77.460	315	67	3	1	311	1	315	0.0	521
0_131	2_29	38.783	263	143	9	51	301	946	1202	9.60e-45	157
0_131	2_38	36.585	246	146	4	60	302	986	1224	4.28e-41	147
0_131	2_141	36.214	243	139	8	65	296	555	792	6.52e-39	140
0_132	2_307	32.353	102	69	0	1	102	189	290	5.90e-16	72.0
0_133	2_47	36.364	88	53	1	66	150	139	226	6.46e-09	47.8
0_134	2_308	44.231	156	73	5	1	147	1	151	7.15e-33	108
0_135	2_317	45.570	869	452	6	84	931	54	922	0.0	753
0_135	2_322	42.808	869	475	5	84	930	883	1751	0.0	693
0_135	2_78	38.634	849	504	6	88	929	621	1459	0.0	632
0_135	2_76	38.163	849	508	6	88	929	331	1169	0.0	621
0_136	2_305	31.250	144	99	0	3	146	4	147	1.28e-13	59.3
0_137	2_332	91.031	223	20	0	1	223	1	223	2.23e-153	419
0_138	2_207	67.722	474	150	2	1	474	1	471	0.0	666
0_139	2_54	34.711	121	64	4	61	177	73	182	1.07e-12	62.4
0_139	2_22	40.476	84	46	2	45	128	70	149	8.37e-12	58.2
0_139	2_321	36.471	85	41	3	35	116	137	211	1.09e-07	46.6
0_140	2_136	89.755	693	58	5	1	681	1	692	0.0	1100
0_141	2_327	77.055	292	64	3	1	292	1	289	9.18e-155	459
0_143	2_241	92.582	674	29	7	1	657	1	670	0.0	1029
0_143	2_183	51.691	207	74	3	171	374	84	267	2.32e-64	214
0_144	2_7	74.317	366	88	2	44	407	1	362	0.0	553
0_144	2_274	30.978	184	91	7	86	236	318	498	5.10e-08	49.7
0_144	2_274	31.737	167	103	8	88	247	229	391	9.15e-07	45.4
0_144	2_274	24.473	237	139	9	52	249	550	785	1.59e-04	38.5
0_144	2_274	24.294	177	93	8	41	186	328	494	3.72e-04	37.0
0_144	2_274	25.573	262	147	12	12	257	708	937	0.001	35.8
0_145	2_226	93.810	210	13	0	1	210	1	210	1.44e-143	394
0_146	2_35	88.791	910	101	1	1	910	1	909	0.0	1674
0_147	2_239	75.261	574	109	13	1	556	1	559	0.0	769
0_148	2_246	88.493	869	81	6	1	852	1	867	0.0	1562
0_148	2_303	32.164	342	221	6	316	649	156	494	1.01e-53	192
0_148	2_303	29.971	347	204	6	275	615	175	488	1.29e-45	169
0_148	2_303	22.381	210	111	5	444	653	80	237	1.29e-05	43.1
0_148	2_215	36.139	202	119	3	403	596	128	327	1.96e-36	137
0_148	2_215	33.663	202	123	3	432	624	128	327	4.21e-35	133
0_148	2_215	31.982	222	141	3	343	556	125	344	1.79e-31	122
0_148	2_215	32.275	189	117	3	460	639	128	314	1.32e-28	114
0_148	2_215	34.118	170	101	3	488	648	128	295	5.03e-28	112
0_148	2_215	29.012	162	104	3	504	657	116	274	1.21e-20	90.1
0_148	2_215	30.000	80	54	1	290	369	251	328	3.02e-06	44.7
0_148	2_133	26.121	379	234	14	287	624	201	574	1.94e-24	104
0_148	2_133	24.155	414	244	16	318	672	363	765	4.31e-22	96.7
0_148	2_133	29.148	223	137	7	434	640	270	487	1.67e-15	75.5
0_148	2_133	24.798	371	230	15	318	649	105	465	2.73e-13	68.2
0_148	2_133	22.455	334	197	11	289	563	391	721	6.58e-12	63.5
0_148	2_133	21.898	274	136	13	286	508	477	723	1.14e-07	49.7
0_149	2_141	30.357	224	145	5	145	366	582	796	1.82e-33	126
0_149	2_29	31.674	221	139	7	148	366	991	1201	4.37e-26	104
0_149	2_38	26.756	299	172	11	86	362	945	1218	2.66e-21	90.5
0_149	2_77	29.911	224	138	8	144	362	91	300	3.22e-21	87.8
0_150	2_192	30.769	78	42	5	10	82	7	77	2.26e-04	34.3
0_151	2_107	70.548	146	43	0	1	146	325	470	3.61e-65	200
0_151	2_158	30.612	147	89	7	2	141	328	468	3.23e-12	57.4
0_152	2_228	88.955	335	35	1	1	335	1	333	0.0	623
0_153	2_249	96.957	230	7	0	1	230	1	230	7.97e-169	459
0_154	2_209	33.155	374	231	6	22	394	14	369	4.39e-59	192
0_154	2_52	30.816	331	215	7	77	401	79	401	3.20e-45	156
0_154	2_282	42.424	165	92	2	237	401	311	472	3.70e-37	135
0_154	2_282	28.814	177	118	6	19	190	44	217	2.08e-16	75.5
0_155	2_85	74.691	810	196	2	1	810	541	1341	0.0	1287
0_156	2_331	95.033	302	15	0	1	302	1	302	0.0	606
0_157	2_116	93.410	5721	321	15	1	5715	1	5671	0.0	10893
0_158	2_337	35.411	353	180	11	111	457	9	319	4.26e-44	152
0_158	2_167	44.886	176	88	2	282	457	3	169	4.32e-41	140
0_159	2_307	36.066	61	39	0	14	74	235	295	2.11e-09	50.1
0_160	2_272	74.211	380	94	2	1	379	1	377	0.0	587
0_161	2_73	69.536	151	45	1	7	156	6	156	8.13e-76	221
0_161	2_199	69.536	151	45	1	7	156	6	156	3.76e-72	224
0_162	2_190	82.353	102	15	2	2	101	3	103	1.38e-53	168
0_163	2_118	94.828	174	9	0	1	174	1	174	2.84e-122	337
0_164	2_211	95.662	438	19	0	1	438	1	438	0.0	879
0_165	2_122	86.667	540	68	3	1	537	1	539	0.0	955
0_166	2_301	38.071	197	108	6	76	270	41	225	4.44e-37	126
0_167	2_262	45.860	157	82	1	5	158	4	160	1.30e-46	144
0_168	2_133	54.321	729	253	13	216	929	235	898	0.0	731
0_168	2_133	21.402	271	155	7	215	476	520	741	6.80e-07	47.8
0_168	2_133	33.708	89	50	2	990	1078	860	939	7.52e-07	47.8
0_168	2_246	25.287	348	221	11	211	555	327	638	1.50e-24	105
0_168	2_246	23.181	371	228	17	370	718	303	638	2.62e-12	65.5
0_168	2_303	26.014	419	227	16	177	555	94	469	3.38e-23	100
0_168	2_303	27.401	354	209	15	371	718	158	469	7.56e-20	89.4
0_168	2_303	26.838	272	172	10	184	448	248	499	2.60e-17	81.3
0_168	2_303	24.860	358	190	14	370	718	97	384	1.31e-11	62.8
0_168	2_303	23.423	222	137	6	663	877	214	409	2.49e-04	39.3
0_168	2_215	25.692	253	140	8	310	562	130	334	3.39e-18	82.8
0_168	2_215	23.611	216	108	9	181	391	164	327	2.24e-07	48.9
0_168	2_215	25.483	259	148	11	501	742	130	360	5.79e-07	47.4
0_168	2_215	20.478	293	190	11	630	916	130	385	9.76e-05	40.4
0_169	2_299	78.878	303	64	0	24	326	67	369	0.0	514
0_170	2_287	83.333	1362	210	11	1	1351	64	1419	0.0	2273
0_170	2_202	30.303	264	164	8	192	447	721	972	1.49e-19	89.4
0_170	2_327	22.422	223	150	7	247	467	666	867	9.82e-08	50.8
0_171	2_225	43.069	808	424	13	50	842	5	791	0.0	621
0_171	2_311	53.612	263	119	2	286	548	1	260	9.17e-85	272
0_171	2_311	53.261	92	41	1	739	828	276	367	3.80e-27	109
0_171	2_311	49.485	97	46	1	538	634	182	275	1.24e-21	93.2
0_171	2_286	26.712	438	274	15	186	592	86	507	1.74e-34	134
0_171	2_36	29.607	331	191	9	184	502	55	355	2.08e-30	120
0_171	2_36	50.000	58	29	0	763	820	423	480	1.19e-09	55.8
0_171	2_69	30.195	308	189	9	185	471	30	332	1.19e-29	117
0_171	2_69	43.662	71	36	1	750	820	385	451	1.14e-09	55.8
0_171	2_62	28.829	222	134	7	186	387	29	246	8.18e-16	72.8
0_171	2_128	27.074	229	123	6	400	616	20	216	4.79e-15	70.1
0_171	2_247	28.788	198	128	7	257	449	50	239	2.05e-13	65.5
0_171	2_21	27.632	228	133	9	640	842	146	366	1.85e-08	51.6
0_171	2_21	40.741	54	32	0	347	400	1	54	2.36e-07	48.1
0_172	2_329	43.850	187	103	1	45	229	40	226	7.50e-57	175
0_173	2_31	82.158	695	112	5	34	725	27	712	0.0	1176
0_175	2_303	30.833	120	70	3	46	162	187	296	7.55e-09	48.9
0_175	2_303	30.000	130	76	3	35	164	353	467	8.94e-09	48.9
0_175	2_303	40.741	54	31	1	44	97	447	499	2.76e-06	41.2
0_175	2_303	27.200	125	75	5	44	168	306	414	3.32e-06	41.2
0_175	2_215	25.806	124	76	5	40	163	161	268	2.22e-05	38.5
0_175	2_246	25.620	121	70	5	46	149	476	593	8.23e-05	37.0
0_176	2_86	88.462	390	43	2	1	389	1	389	0.0	717
0_176	2_248	29.245	106	73	1	12	115	54	159	1.28e-08	51.2
0_177	2_108	25.000	180	117	5	1	179	1	163	1.85e-14	63.9
0_178	2_147	87.419	310	33	1	1	310	1	304	0.0	561
0_179	2_0	45.882	340	161	2	25	364	239	555	6.71e-98	296
0_181	2_28	33.974	312	191	7	5	312	5	305	5.81e-46	154
0_182	2_22	86.000	200	28	0	1	200	8	207	1.15e-117	328
0_182	2_321	50.704	71	33	1	73	141	152	222	1.52e-14	65.1
0_182	2_54	50.000	56	28	0	82	137	77	132	6.97e-14	63.5
0_184	2_79	76.024	1343	313	5	1	1340	1	1337	0.0	2055
0_185	2_32	84.615	403	61	1	1	403	1	402	0.0	730
0_186	2_279	72.482	556	138	4	1	554	1	543	0.0	802
0_186	2_107	21.189	387	228	14	193	543	119	464	2.92e-04	37.7
0_187	2_308	44.231	156	73	5	18	164	1	151	2.39e-32	108
0_188	2_43	87.879	231	27	1	1	230	411	641	4.35e-145	414
0_188	2_264	88.261	230	25	2	1	230	411	638	1.27e-144	413
0_188	2_113	87.826	230	26	2	1	230	411	638	1.24e-143	410
0_188	2_155	86.087	230	32	0	1	230	411	640	1.32e-141	405
0_188	2_139	86.207	232	30	1	1	230	411	642	2.55e-139	399
0_188	2_171	81.871	171	29	2	61	230	1	170	3.35e-99	281
0_190	2_250	68.120	367	114	2	3	367	4	369	0.0	518
0_192	2_191	35.628	247	131	9	1	235	6	236	9.59e-38	130
0_192	2_266	32.812	256	138	8	1	235	11	253	4.41e-30	110
0_192	2_245	35.079	191	106	5	49	231	143	323	2.20e-26	101
0_193	2_254	72.611	157	43	0	1	157	1	157	5.47e-84	239
0_194	2_91	86.098	633	56	3	1	632	1	602	0.0	1082
0_195	2_277	51.961	102	44	3	1	98	1	101	3.86e-26	94.4
0_196	2_146	78.648	1391	273	13	1	1381	1	1377	0.0	2196
0_196	2_24	24.265	272	159	6	288	521	23	285	5.73e-16	76.3
0_196	2_24	32.143	112	62	5	591	698	284	385	2.64e-06	45.8
0_198	2_231	91.266	229	20	0	1	229	1	229	1.19e-143	395
0_199	2_340	65.092	487	168	2	414	898	32	518	0.0	692
0_199	2_340	60.227	352	139	1	24	374	32	383	1.31e-158	470
0_199	2_121	22.642	371	233	11	506	866	94	420	3.93e-13	67.0
0_200	2_346	76.369	694	141	4	3	687	6	685	0.0	1109
0_201	2_169	87.738	473	57	1	1	472	1	473	0.0	882
0_202	2_29	70.833	1272	246	36	1	1215	1	1204	0.0	1514
0_202	2_141	44.487	263	135	6	953	1211	540	795	5.43e-63	225
0_202	2_77	38.202	267	142	11	956	1213	53	305	5.50e-44	157
0_202	2_38	35.547	256	134	8	967	1212	988	1222	3.71e-40	157
0_203	2_143	30.682	88	57	1	8	91	451	538	1.50e-10	51.6
0_205	2_328	75.488	563	126	7	1	556	1	558	0.0	834
0_206	2_112	49.222	835	378	16	1	829	1	795	0.0	716
0_207	2_318	84.894	470	43	3	1	469	1	443	0.0	669
0_208	2_342	96.364	440	16	0	1	440	6	445	0.0	894
0_208	2_104	40.994	161	88	3	281	434	1016	1176	4.45e-36	136
0_208	2_104	28.261	138	83	6	176	297	827	964	1.08e-06	45.4
0_208	2_160	26.923	260	171	7	132	382	465	714	2.00e-18	82.4
0_208	2_160	24.757	206	138	6	185	378	155	355	8.11e-15	71.2
0_208	2_4	28.947	228	137	11	179	392	13	229	1.75e-16	75.1
0_209	2_205	85.714	196	28	0	1	196	1	196	5.94e-129	355
0_210	2_123	85.265	509	65	7	102	601	99	606	0.0	653
0_210	2_289	51.064	47	23	0	248	294	295	341	3.47e-11	59.7
0_211	2_171	82.143	168	28	2	11	177	4	170	7.72e-98	275
0_211	2_43	85.119	168	24	1	11	177	474	641	5.82e-96	286
0_211	2_264	84.431	167	24	2	11	177	474	638	6.33e-94	280
0_211	2_155	82.635	167	29	0	11	177	474	640	1.47e-92	277
0_211	2_113	83.832	167	25	2	11	177	474	638	1.74e-92	277
0_211	2_139	82.249	169	28	1	11	177	474	642	7.42e-89	267
0_212	2_25	98.525	339	5	0	1	339	1	339	0.0	688
0_213	2_4	25.228	329	193	9	255	572	17	303	2.92e-26	105
0_213	2_294	24.242	330	213	11	257	575	18	321	3.17e-17	77.8
0_213	2_160	25.090	279	171	9	239	504	131	384	3.73e-17	79.7
0_213	2_160	24.107	336	184	13	252	579	509	781	1.32e-13	68.2
0_213	2_342	21.759	216	134	7	258	469	192	376	2.21e-05	41.6
0_214	2_286	51.030	437	166	3	1	437	152	540	1.18e-150	441
0_214	2_247	47.222	180	91	3	32	208	62	240	3.39e-52	174
0_214	2_225	25.608	617	380	18	19	598	195	769	1.54e-38	146
0_214	2_69	30.279	251	159	7	20	259	114	359	1.40e-25	104
0_214	2_69	45.946	74	40	0	530	603	383	456	1.19e-17	80.5
0_214	2_36	31.739	230	137	9	21	238	120	341	4.94e-20	87.8
0_214	2_36	45.946	74	40	0	530	603	412	485	2.99e-17	79.3
0_214	2_311	29.630	216	140	6	51	258	1	212	9.75e-15	70.9
0_214	2_311	43.548	62	35	0	542	603	303	364	2.03e-09	54.3
0_214	2_21	26.368	201	117	4	437	608	158	356	1.03e-11	61.2
0_214	2_62	29.412	136	86	4	20	145	111	246	1.02e-09	54.3
0_214	2_128	27.451	153	99	5	236	383	70	215	1.10e-06	44.7
0_215	2_283	66.940	487	112	14	1	471	1	454	0.0	530
0_217	2_15	93.640	283	18	0	1	283	1	283	0.0	555
0_218	2_48	87.705	244	30	0	20	263	4	247	1.40e-165	453
0_220	2_30	84.839	310	46	1	1	309	1	310	0.0	534
0_221	2_59	90.372	1049	95	4	1	1043	1	1049	0.0	1908
0_222	2_218	61.972	142	54	0	2	143	3	144	2.05e-67	196
0_223	2_284	80.295	543	106	1	1	543	1	542	0.0	865
0_224	2_339	75.424	472	100	8	1	469	1	459	0.0	689
0_225	2_177	93.390	4917	315	6	1	4912	1	4912	0.0	9392
0_226	2_202	81.359	971	142	9	1	940	11	973	0.0	1544
0_226	2_287	29.614	233	150	7	711	935	275	501	2.90e-24	104
0_226	2_327	30.719	153	101	2	783	933	698	847	1.82e-11	62.4
0_227	2_290	94.828	232	12	0	1	232	1	232	4.21e-170	462
0_228	2_92	86.735	392	51	1	1	392	1	391	0.0	702
0_229	2_263	79.016	610	113	9	1	605	1	600	0.0	822
0_230	2_348	89.412	510	52	2	1	509	1	509	0.0	915
0_231	2_171	81.212	165	29	2	92	255	7	170	1.02e-93	268
0_231	2_43	84.242	165	25	1	92	255	477	641	2.80e-92	280
0_231	2_43	95.122	82	4	0	1	82	1	82	3.25e-51	171
0_231	2_264	83.537	164	25	2	92	255	477	638	5.60e-90	274
0_231	2_264	93.976	83	5	0	1	83	1	83	4.06e-51	171
0_231	2_155	81.707	164	30	0	92	255	477	640	7.13e-89	271
0_231	2_155	93.976	83	5	0	1	83	1	83	4.15e-51	171
0_231	2_113	82.927	164	26	2	92	255	477	638	1.65e-88	270
0_231	2_113	93.976	83	5	0	1	83	1	83	4.02e-51	171
0_231	2_139	81.325	166	29	1	92	255	477	642	3.77e-85	261
0_231	2_139	93.976	83	5	0	1	83	1	83	4.85e-51	171
0_232	2_173	92.547	161	12	0	1	161	1	161	2.39e-100	280
0_233	2_253	39.785	186	109	1	75	260	4	186	2.84e-36	127
0_234	2_41	74.157	178	46	0	3	180	10	187	8.15e-99	279
0_235	2_17	86.910	657	85	1	25	681	53	708	0.0	1175
0_236	2_21	33.333	231	129	7	161	389	148	355	6.64e-28	108
0_236	2_21	36.170	47	29	1	1	47	96	141	1.82e-04	37.7
0_236	2_225	24.416	385	207	9	27	389	458	780	3.68e-12	62.8
0_236	2_311	37.333	75	47	0	308	382	287	361	1.64e-09	53.9
0_236	2_36	33.333	63	42	0	325	387	425	487	8.43e-09	51.6
0_236	2_69	33.333	63	42	0	325	387	396	458	8.53e-09	51.6
0_236	2_299	48.889	45	22	1	390	434	336	379	1.76e-06	44.3
0_237	2_203	91.234	1734	142	8	1	1731	1	1727	0.0	3184
0_238	2_144	78.058	278	61	0	1	278	1	278	5.19e-167	459
0_238	2_137	46.154	273	142	3	8	276	12	283	4.23e-84	249
0_239	2_3	81.373	510	93	2	1	509	15	523	0.0	848
0_239	2_34	37.802	455	266	7	57	506	20	462	1.60e-104	316
0_240	2_8	91.685	457	38	0	1	457	111	567	0.0	875
0_241	2_63	81.146	2217	347	29	1	2171	1	2192	0.0	3340
0_242	2_310	69.455	825	215	10	32	830	84	897	0.0	1092
0_243	2_294	60.059	338	132	2	14	348	7	344	1.13e-146	413
0_243	2_4	27.619	315	201	11	15	322	9	303	5.24e-18	78.6
0_243	2_160	23.276	232	158	5	19	245	508	724	2.28e-11	59.3
0_243	2_160	26.016	123	79	4	135	253	264	378	1.51e-07	47.4
0_243	2_342	24.752	202	133	6	27	226	193	377	3.07e-06	43.1
0_243	2_104	32.292	96	56	3	135	226	1023	1113	2.07e-05	40.8
0_244	2_105	75.115	655	135	10	1	647	1	635	0.0	914
0_246	2_10	90.909	55	5	0	1	55	167	221	3.47e-32	105
0_247	2_307	20.472	127	98	2	4	130	169	292	2.47e-07	46.2
0_248	2_88	68.724	729	192	12	1	700	10	731	0.0	928
0_249	2_280	68.165	267	78	4	1	263	1	264	3.32e-125	352
0_252	2_87	61.952	1004	321	4	11	954	42	1044	0.0	1237
0_253	2_191	50.628	239	100	7	7	231	2	236	2.32e-70	213
0_253	2_245	47.644	191	83	6	53	229	138	325	5.58e-45	149
0_253	2_266	27.200	250	134	9	12	226	12	248	1.16e-18	77.8
0_254	2_210	89.456	607	49	6	3	598	1	603	0.0	1103
0_255	2_186	86.447	273	36	1	1	272	1	273	4.64e-168	461
0_256	2_291	95.652	276	12	0	1	276	1	276	0.0	559
0_256	2_165	25.118	211	145	4	72	271	34	242	2.34e-15	68.9
0_257	2_65	61.303	491	175	8	7	495	17	494	0.0	588
0_258	2_325	82.480	1621	257	14	49	1660	1	1603	0.0	2694
0_260	2_191	23.322	283	178	9	5	261	14	283	3.00e-07	45.4
0_260	2_266	27.064	218	120	9	60	239	62	278	7.09e-07	44.7
0_260	2_245	24.500	200	125	6	55	228	142	341	2.47e-05	40.0
0_262	2_178	100.000	198	0	0	1	198	1	198	1.44e-151	413
0_263	2_46	84.568	324	50	0	1	324	1	324	0.0	576
0_264	2_56	67.329	554	122	17	1	535	1	514	3.06e-168	481
0_265	2_293	94.700	868	46	0	1	868	1	868	0.0	1716
0_266	2_180	90.400	125	12	0	1	125	1	125	7.91e-78	221
0_267	2_159	84.502	542	80	3	1	540	1	540	0.0	910
0_268	2_35	33.333	60	38	1	205	264	356	413	1.15e-04	38.9
0_270	2_150	87.456	566	71	0	6	571	1	566	0.0	1063
0_273	2_244	91.460	644	54	1	1	644	1	643	0.0	1246
0_274	2_60	94.105	458	25	1	1	456	1	458	0.0	874
0_275	2_45	83.943	984	158	0	1	984	1	984	0.0	1703
0_276	2_260	67.033	182	59	1	5	186	4	184	9.30e-86	246
0_276	2_7	29.861	144	87	6	46	183	77	212	1.40e-04	36.2
0_277	2_169	82.540	126	21	1	3	127	348	473	2.19e-70	216
0_278	2_295	93.162	351	19	1	1	346	1	351	0.0	658
0_279	2_57	69.966	586	158	5	1	582	1	572	0.0	825
0_280	2_21	44.776	67	35	1	88	154	302	366	6.35e-12	57.0
0_280	2_225	39.130	69	42	0	87	155	724	792	4.94e-10	51.6
0_280	2_311	38.889	54	33	0	87	140	314	367	1.98e-07	43.9
0_280	2_69	42.222	45	26	0	88	132	407	451	2.61e-06	40.8
0_280	2_36	43.182	44	25	0	89	132	437	480	7.20e-06	39.3
0_281	2_246	30.721	319	208	5	6	321	385	693	4.81e-48	170
0_281	2_246	32.283	254	170	2	3	255	410	662	2.25e-40	148
0_281	2_246	28.912	294	195	6	10	299	330	613	8.27e-36	134
0_281	2_246	33.508	191	122	5	2	190	466	653	2.71e-30	118
0_281	2_246	28.505	214	136	7	89	296	294	496	3.83e-14	68.9
0_281	2_246	30.357	56	39	0	2	57	608	663	7.91e-06	42.4
0_281	2_303	30.861	337	201	9	12	319	187	520	1.70e-40	147
0_281	2_303	31.757	296	165	6	1	260	204	498	1.73e-39	144
0_281	2_303	25.352	213	120	7	110	303	83	275	3.27e-11	59.3
0_281	2_215	36.025	161	101	2	10	170	165	323	1.50e-27	108
0_281	2_215	37.241	145	90	1	1	145	184	327	7.64e-27	105
0_281	2_215	27.715	267	171	5	83	338	116	371	2.77e-26	104
0_281	2_133	22.741	343	208	8	12	304	331	666	3.04e-15	72.4
0_281	2_133	23.030	330	196	14	11	297	127	441	7.42e-13	64.7
0_281	2_133	21.203	349	218	12	2	311	410	740	3.99e-09	53.1
0_282	2_183	89.616	443	39	6	1	438	1	441	0.0	790
0_282	2_241	51.208	207	75	3	84	267	174	377	3.24e-64	215
0_283	2_307	25.980	204	133	7	43	241	12	202	5.64e-13	62.0
0_284	2_304	76.293	464	108	1	4	467	1	462	0.0	749
0_285	2_100	97.260	73	2	0	1	73	1	73	6.04e-51	149
0_286	2_222	91.983	474	32	4	1	469	64	536	0.0	897
0_287	2_95	90.196	204	20	0	1	204	1	204	1.58e-131	363
0_288	2_62	90.400	125	12	0	5	129	1	125	5.32e-84	241
0_288	2_36	91.736	121	10	0	4	124	28	148	2.33e-81	242
0_288	2_69	86.869	99	13	0	31	129	30	128	3.93e-58	181
0_288	2_286	33.898	59	34	1	18	76	71	124	5.60e-06	39.3
0_289	2_179	36.709	79	49	1	21	98	24	102	4.71e-12	57.0
0_293	2_192	41.584	101	51	4	7	101	257	355	5.76e-17	69.7
0_293	2_47	32.353	68	43	3	22	86	13	80	2.68e-05	36.2
0_294	2_78	86.508	3454	465	1	1	3453	224	3677	0.0	6236
0_294	2_76	82.135	3420	578	2	67	3453	1	3420	0.0	5858
0_294	2_317	33.230	3232	1991	47	343	3453	4	3189	0.0	1818
0_294	2_322	30.975	3590	2276	56	1	3453	492	4016	0.0	1743
0_296	2_55	76.256	577	98	6	1	545	1	570	0.0	799
0_296	2_223	80.645	372	72	0	1	372	17	388	0.0	656
0_297	2_129	85.922	206	29	0	1	206	1	206	1.73e-115	322
0_299	2_162	39.286	280	157	6	211	482	7	281	1.69e-53	176
0_299	2_149	29.615	260	159	5	238	482	5	255	1.03e-35	128
0_300	2_286	37.681	138	65	2	1	136	423	541	9.82e-25	98.2
0_300	2_69	39.744	78	47	0	180	257	374	451	1.10e-11	59.3
0_300	2_36	39.744	78	47	0	180	257	403	480	4.74e-11	57.4
0_300	2_225	30.682	88	52	2	190	274	705	786	1.09e-08	50.4
0_300	2_225	26.506	83	59	1	4	84	456	538	1.63e-04	37.4
0_300	2_21	41.379	58	32	1	214	271	303	358	1.36e-07	46.6
0_300	2_311	34.848	66	41	1	195	258	295	360	9.01e-07	44.3
0_301	2_300	82.143	112	18	1	9	118	506	617	5.12e-62	194
0_302	2_312	89.822	786	79	1	1	786	1	785	0.0	1413
0_303	2_232	53.529	170	72	3	1	168	1	165	2.94e-56	169
0_306	2_164	83.005	559	79	7	1	559	1	543	0.0	915
0_308	2_64	81.875	320	56	1	1	318	1	320	0.0	541
0_310	2_138	81.626	615	112	1	1	615	2	615	0.0	1050
0_311	2_182	92.545	550	39	1	1	550	1	548	0.0	1055
0_311	2_81	28.729	181	109	6	185	345	54	234	7.91e-11	59.3
0_311	2_104	23.770	122	83	3	136	247	620	741	2.99e-05	41.2
0_312	2_344	60.000	250	80	8	3	248	6	239	4.70e-98	281
0_313	2_130	91.224	490	43	0	15	504	1	490	0.0	926
0_314	2_189	92.174	115	9	0	1	115	1	115	2.28e-78	221
0_315	2_235	87.634	655	81	0	1	655	1	655	0.0	1214
0_316	2_324	52.982	436	177	12	1	427	1	417	3.05e-122	390
0_316	2_324	45.946	370	109	10	544	880	476	787	4.27e-93	311
0_316	2_324	28.226	124	27	2	205	328	584	645	3.12e-08	52.0
0_316	2_324	56.667	30	13	0	680	709	198	227	2.86e-06	45.4
0_316	2_324	48.485	33	16	1	680	712	295	326	3.57e-06	45.4
0_316	2_324	55.556	27	12	0	303	329	584	610	1.10e-05	43.9
0_316	2_324	50.000	30	15	0	716	745	295	324	1.14e-05	43.5
0_316	2_246	21.488	242	165	7	681	914	331	555	1.28e-06	46.6
0_316	2_246	23.176	233	136	8	682	912	391	582	1.27e-05	43.5
0_316	2_303	22.180	266	149	11	682	908	248	494	6.58e-04	37.7
0_317	2_255	76.794	418	88	4	1	410	1	417	0.0	644
0_319	2_273	87.000	300	39	0	1	300	1	300	0.0	551
0_320	2_303	28.814	59	35	2	8	66	449	500	3.74e-04	33.1
0_320	2_246	33.871	62	33	3	8	68	618	672	5.55e-04	32.7
0_323	2_230	77.439	492	106	2	1	492	1	487	0.0	795
0_324	2_307	35.616	292	171	8	68	354	13	292	3.64e-50	169
0_325	2_168	90.909	176	16	0	1	176	1	176	3.19e-123	339
0_326	2_282	67.453	212	69	0	12	223	23	234	2.68e-102	306
0_326	2_282	65.054	186	54	4	214	395	288	466	2.09e-75	237
0_326	2_209	36.923	325	191	5	76	394	53	369	4.21e-75	233
0_326	2_52	32.440	373	224	9	43	395	31	395	4.84e-57	187
0_328	2_160	93.445	778	51	0	1	778	51	828	0.0	1523
0_328	2_4	29.060	234	150	8	92	318	7	231	2.30e-20	88.2
0_328	2_4	26.667	255	158	10	462	701	17	257	3.17e-18	81.6
0_328	2_342	25.769	260	174	7	415	664	137	387	1.12e-16	77.8
0_328	2_342	24.809	262	166	9	62	305	135	383	1.71e-15	73.9
0_328	2_294	22.150	307	196	6	458	721	12	318	3.58e-12	63.2
0_328	2_294	22.530	253	172	8	91	328	3	246	4.64e-12	62.8
0_328	2_104	21.600	250	177	7	207	440	1016	1262	1.13e-08	53.1
0_328	2_104	29.703	101	53	4	571	662	1030	1121	3.18e-07	48.1
0_330	2_167	40.331	181	99	4	192	371	3	175	5.52e-39	132
0_330	2_337	40.331	181	99	4	192	371	153	325	9.47e-38	133
0_331	2_289	92.199	423	31	2	1	423	1	421	0.0	687
0_331	2_123	48.000	50	26	0	293	342	241	290	3.41e-11	59.3
0_332	2_217	91.590	547	39	2	2	548	1	540	0.0	833
0_333	2_26	86.510	341	46	0	1	341	1	341	0.0	626
0_334	2_303	87.199	664	76	4	1	655	1	664	0.0	1183
0_334	2_246	31.988	347	215	7	152	490	330	663	1.33e-51	186
0_334	2_246	30.041	486	295	12	2	462	198	663	1.34e-46	171
0_334	2_246	30.222	225	151	3	273	491	298	522	4.76e-27	111
0_334	2_246	21.788	179	86	4	94	233	504	667	2.56e-04	38.5
0_334	2_215	31.188	202	133	2	241	437	127	327	3.22e-36	135
0_334	2_215	33.333	213	126	4	183	387	130	334	2.28e-31	121
0_334	2_215	31.034	203	120	3	309	492	97	298	4.75e-24	99.8
0_334	2_215	30.851	188	120	5	152	339	165	342	2.42e-21	91.7
0_334	2_133	23.756	442	207	15	181	501	268	700	1.63e-19	87.4
0_334	2_133	23.936	376	236	11	154	492	105	467	8.12e-18	82.0
0_334	2_133	26.190	378	213	14	152	496	160	504	2.00e-16	77.8
0_334	2_133	23.894	339	218	11	154	461	392	721	2.51e-15	73.9
0_334	2_133	20.755	371	199	13	93	406	391	723	4.30e-09	53.9
0_334	2_133	23.077	338	181	14	88	362	548	869	5.65e-05	40.4
0_335	2_156	48.915	507	181	10	2	433	7	510	6.45e-155	443
0_336	2_240	87.214	524	63	2	3	522	1	524	0.0	953
0_337	2_126	61.856	194	68	3	2	192	225	415	1.41e-74	225
0_338	2_213	81.743	241	44	0	1	241	1	241	5.79e-153	420
0_338	2_120	71.311	122	32	1	120	241	2	120	8.30e-64	190
0_339	2_58	70.352	199	52	5	1	197	1	194	2.94e-96	275
0_340	2_338	53.092	663	297	8	1	656	2	657	0.0	648
0_341	2_192	36.364	77	46	2	1	75	1	76	2.33e-12	61.6
0_341	2_192	21.831	142	89	8	2	129	260	393	7.01e-04	35.4
0_341	2_47	24.691	81	52	3	1	75	1	78	4.11e-05	38.5
0_342	2_107	69.163	454	138	2	32	485	19	470	0.0	625
0_342	2_158	24.645	422	285	14	71	480	68	468	1.28e-22	95.1
0_342	2_279	21.963	428	241	15	92	479	158	532	1.05e-05	42.4
0_343	2_233	93.922	510	30	1	1	509	1	510	0.0	939
0_344	2_4	97.768	224	5	0	1	224	1	224	4.54e-170	467
0_344	2_160	30.088	226	142	8	7	223	142	360	5.04e-21	85.9
0_344	2_160	28.638	213	127	8	17	218	512	710	1.21e-19	82.0
0_344	2_294	29.646	226	140	7	9	221	8	227	1.15e-18	78.2
0_344	2_342	28.641	206	126	9	20	218	192	383	1.15e-15	70.1
0_344	2_104	26.772	127	82	5	106	224	1002	1125	8.44e-08	47.0
0_345	2_333	93.284	134	8	1	1	133	1	134	1.84e-90	253
0_346	2_25	98.596	356	5	0	1	356	1	356	0.0	724
0_349	2_166	58.750	80	31	1	42	119	46	125	6.14e-28	94.7
0_351	2_251	83.544	158	25	1	21	178	12	168	5.45e-97	273
0_353	2_42	74.031	258	67	0	6	263	24	281	9.46e-139	387
0_354	2_296	66.406	128	38	3	1	124	1	127	4.19e-59	173
0_355	2_137	72.832	173	44	1	1	170	136	308	2.37e-91	263
0_355	2_144	52.740	146	69	0	1	146	131	276	7.45e-53	164
0_356	2_23	47.170	106	54	2	11	116	26	129	3.39e-27	103
0_356	2_23	38.889	126	55	6	125	237	235	351	2.22e-12	60.8
0_356	2_106	44.737	114	57	3	11	124	25	132	1.38e-26	101
0_356	2_106	37.500	136	76	5	107	235	215	348	2.97e-13	63.5
0_357	2_257	56.371	2888	1072	68	1	2787	1	2801	0.0	2603
0_358	2_317	71.191	1444	408	5	1	1444	404	1839	0.0	2155
0_358	2_322	67.618	1436	454	6	1	1435	1233	2658	0.0	2019
0_358	2_76	34.238	1437	863	18	5	1413	664	2046	0.0	850
0_358	2_78	34.231	1449	894	21	5	1441	954	2355	0.0	834
0_359	2_185	84.155	284	43	1	7	288	10	293	0.0	514
0_359	2_185	28.750	160	107	2	110	268	341	494	5.35e-17	75.9
0_359	2_185	24.432	176	117	7	116	283	557	724	3.84e-06	42.7
0_361	2_99	79.191	519	103	4	1	515	1	518	0.0	850
0_362	2_330	96.402	1862	66	1	1	1861	1	1862	0.0	3759
0_364	2_19	86.709	474	42	9	1	469	1	458	0.0	788
0_364	2_287	36.508	63	23	3	410	464	194	247	0.001	36.2
0_365	2_44	67.955	621	181	8	1	616	1	608	0.0	857
0_366	2_34	76.392	449	105	1	2	449	19	467	0.0	715
0_366	2_3	38.902	437	255	4	19	444	85	520	6.50e-103	312
0_367	2_270	92.652	313	23	0	1	313	25	337	0.0	595
0_368	2_165	98.473	262	4	0	1	262	1	262	0.0	537
0_368	2_291	24.171	211	147	4	34	242	72	271	1.31e-14	66.6
0_369	2_145	72.065	247	67	1	1	247	1	245	1.28e-128	359
0_370	2_135	52.898	1225	524	16	1	1206	1	1191	0.0	1218
0_371	2_136	34.772	417	245	7	4	394	181	596	6.06e-67	220
0_372	2_326	90.299	268	25	1	1	268	4	270	0.0	502
0_373	2_299	86.080	352	45	1	10	361	48	395	0.0	650
0_375	2_313	89.031	784	77	6	1	779	1	780	0.0	1367
0_377	2_227	44.037	109	61	0	1	109	1	109	6.70e-22	81.3
0_378	2_220	74.952	523	116	3	14	536	15	522	0.0	749
0_379	2_96	93.168	322	21	1	1	321	1	322	0.0	586
0_379	2_110	31.579	114	65	3	208	320	109	210	9.35e-07	45.1
0_380	2_80	90.000	520	51	1	1	520	1	519	0.0	938
0_382	2_181	96.850	127	4	0	1	127	1	127	4.42e-91	254
0_383	2_97	67.658	841	153	6	8	729	7	847	0.0	1051
0_384	2_5	90.027	371	36	1	1	370	1	371	0.0	659
0_385	2_188	86.957	92	12	0	16	107	17	108	2.06e-51	152
0_386	2_216	90.457	503	48	0	1	503	1	503	0.0	952
0_387	2_323	94.603	1019	52	1	1	1019	1	1016	0.0	2037
0_387	2_51	30.184	762	510	12	53	807	10	756	2.69e-94	315
0_387	2_306	35.637	463	293	5	63	522	1	461	9.80e-80	271
0_387	2_306	34.286	175	112	3	629	802	491	663	1.85e-27	114
0_387	2_37	30.720	625	383	15	196	799	12	607	2.31e-76	260
0_387	2_234	30.108	93	57	3	173	263	28	114	4.58e-05	41.2
0_388	2_33	66.323	582	171	4	13	572	7	585	0.0	795
0_389	2_323	89.990	1019	52	3	1	972	1	1016	0.0	1886
0_389	2_51	28.534	764	473	15	53	760	10	756	1.11e-78	268
0_389	2_306	33.693	463	262	7	63	482	1	461	9.42e-68	235
0_389	2_306	32.000	175	109	4	589	755	491	663	6.55e-23	99.0
0_389	2_37	28.595	619	357	17	196	752	12	607	1.38e-58	207
0_389	2_234	30.108	93	57	3	173	263	28	114	4.86e-05	40.8
0_390	2_33	71.391	381	105	1	1	381	209	585	0.0	580
0_391	2_323	90.775	1019	88	2	1	1016	1	1016	0.0	1943
0_391	2_51	29.658	789	531	13	53	834	10	781	8.93e-94	313
0_391	2_306	34.914	464	295	6	63	522	1	461	3.37e-78	266
0_391	2_306	34.857	175	111	3	629	802	491	663	4.41e-29	119
0_391	2_37	29.450	618	396	13	196	800	12	602	7.13e-74	253
0_392	2_323	81.685	1021	182	2	1	1021	1	1016	0.0	1734
0_392	2_51	28.266	796	543	14	53	839	10	786	1.29e-84	287
0_392	2_306	33.333	465	301	7	63	522	1	461	4.54e-70	243
0_392	2_306	34.911	169	107	3	629	796	491	657	1.36e-25	108
0_392	2_37	29.085	612	396	11	196	795	12	597	1.83e-69	240
0_392	2_37	21.607	361	191	14	175	490	135	448	5.03e-08	51.2
0_392	2_234	29.032	93	58	3	173	263	28	114	1.15e-05	43.1
0_393	2_33	26.190	420	217	17	28	431	239	581	9.00e-35	130
0_394	2_323	85.392	1020	145	2	1	1020	1	1016	0.0	1825
0_394	2_51	29.024	789	536	13	53	834	10	781	1.04e-87	296
0_394	2_306	34.177	474	305	6	63	533	1	470	1.41e-77	265
0_394	2_306	34.857	175	111	3	629	802	491	663	4.75e-26	109
0_394	2_37	29.545	616	402	11	196	799	12	607	3.03e-73	251
0_394	2_216	24.017	229	135	10	311	529	287	486	2.67e-04	39.3
