# cline: mcl /home/cpegueroles/users/cpegueroles/classes/FunctionalAndComparativeGenomics/CFG_2020/session_2/session2/exercise3/set_b/Results_Mar30/WorkingDirectory/OrthoFinder_v2.2.6_graph.txt "-I" "1.5" "-o" "/home/cpegueroles/users/cpegueroles/classes/FunctionalAndComparativeGenomics/CFG_2020/session_2/session2/exercise3/set_b/Results_Mar30/WorkingDirectory/clusters_OrthoFinder_v2.2.6_I1.5.txt" "-te" "1" "-V" "all"
(mclheader
mcltype matrix
dimensions 1178x434
)
(mclmatrix
begin
0    5 125 191 289 292 347 405 406 425 436 479 480 501 521 575 673
       759 1007 $
1    11 21 35 43 55 77 98 142 197 271 291 329 376 506 $
2    387 389 391 392 394 825 826 1151 $
3    491 585 871 941 967 983 999 1092 $
4    107 171 485 553 751 782 1053 $
5    15 62 341 556 587 1020 $
6    44 398 942 1071 1137 1148 $
7    68 326 522 599 1037 1110 $
8    69 422 497 680 783 1135 $
9    88 623 953 989 1032 1057 $
10   112 294 700 703 904 906 $
11   135 358 617 640 1145 1150 $
12   1 164 438 772 1039 $
13   56 421 841 848 982 $
14   214 300 469 1075 1114 $
15   288 583 864 890 897 $
16   321 420 442 627 632 $
17   335 635 710 731 984 $
18   388 390 823 827 861 $
19   42 518 813 1036 $
20   48 554 895 1126 $
21   50 550 592 1065 $
22   54 76 418 612 $
23   74 111 771 981 $
24   114 356 851 934 $
25   115 301 665 1128 $
26   129 565 682 1087 $
27   133 597 804 875 $
28   134 187 464 1136 $
29   151 342 586 935 $
30   158 686 995 1165 $
31   159 324 409 799 $
32   161 481 901 1027 $
33   169 373 753 1127 $
34   179 410 419 828 $
35   201 277 566 997 $
36   204 259 472 747 $
37   212 346 525 853 $
38   236 560 648 849 $
39   242 414 573 1138 $
40   243 670 690 1122 $
41   249 450 616 1108 $
42   253 719 1019 1073 $
43   296 408 883 1051 $
44   299 430 977 990 $
45   302 570 720 1140 $
46   338 619 948 1041 $
47   0 741 1023 $
48   2 493 947 $
49   3 756 962 $
50   4 721 1080 $
51   6 591 1040 $
52   7 748 902 $
53   8 636 894 $
54   9 508 1064 $
55   10 763 1029 $
56   12 810 980 $
57   13 477 1000 $
58   14 713 1169 $
59   16 513 1162 $
60   17 750 1171 $
61   19 574 1116 $
62   20 507 911 $
63   22 452 986 $
64   23 478 880 $
65   25 401 1003 $
66   26 568 979 $
67   27 465 969 $
68   28 618 732 $
69   29 473 1173 $
70   31 610 918 $
71   33 793 1177 $
72   34 801 877 $
73   36 642 937 $
74   40 606 991 $
75   41 511 1149 $
76   45 815 829 $
77   49 761 1066 $
78   51 662 938 $
79   53 395 852 $
80   58 704 830 $
81   60 488 1113 $
82   61 470 834 $
83   63 626 970 $
84   64 758 855 $
85   65 797 1109 $
86   66 558 939 $
87   67 458 1043 $
88   71 596 943 $
89   72 330 697 $
90   73 417 882 $
91   75 820 932 $
92   78 671 1042 $
93   80 446 1120 $
94   81 563 1147 $
95   82 718 1049 $
96   85 658 930 $
97   86 496 1004 $
98   87 492 878 $
99   89 647 1002 $
100  90 743 1130 $
101  91 746 926 $
102  92 413 949 $
103  95 489 770 $
104  96 607 1164 $
105  97 639 985 $
106  99 434 1104 $
107  100 637 921 $
108  102 412 1028 $
109  103 777 917 $
110  104 546 868 $
111  105 676 1015 $
112  106 655 1163 $
113  108 487 960 $
114  110 433 840 $
115  113 579 844 $
116  116 745 889 $
117  117 611 846 $
118  119 531 899 $
119  120 427 526 $
120  122 791 1012 $
121  123 505 909 $
122  124 411 1175 $
123  126 646 839 $
124  127 774 1144 $
125  128 678 1143 $
126  130 768 1070 $
127  131 486 905 $
128  136 818 1133 $
129  137 598 1160 $
130  138 600 1035 $
131  140 589 964 $
132  141 809 1155 $
133  143 725 1069 $
134  144 629 835 $
135  145 474 1054 $
136  146 674 863 $
137  147 603 1067 $
138  148 667 1074 $
139  152 455 1056 $
140  153 728 1077 $
141  155 622 913 $
142  156 545 1159 $
143  157 509 944 $
144  160 684 1100 $
145  162 800 1018 $
146  163 620 946 $
147  165 664 950 $
148  166 641 1129 $
149  167 484 1090 $
150  168 415 961 $
151  170 432 1115 $
152  172 754 1157 $
153  173 503 859 $
154  176 514 914 $
155  177 561 936 $
156  178 775 975 $
157  180 557 795 $
158  181 604 856 $
159  182 431 850 $
160  184 785 907 $
161  185 548 860 $
162  186 711 1107 $
163  188 211 231 $
164  190 601 1078 $
165  192 475 668 $
166  193 778 1082 $
167  194 516 919 $
168  195 693 1105 $
169  196 780 974 $
170  198 527 1059 $
171  199 459 1168 $
172  200 555 1174 $
173  202 695 857 $
174  203 578 971 $
175  205 736 1156 $
176  206 439 940 $
177  207 399 1146 $
178  208 595 1170 $
179  209 534 1033 $
180  210 817 951 $
181  215 562 1111 $
182  217 649 843 $
183  218 689 876 $
184  219 504 536 $
185  220 466 858 $
186  221 529 887 $
187  222 512 1046 $
188  223 740 1112 $
189  224 460 1167 $
190  225 707 1005 $
191  226 602 1030 $
192  227 781 1118 $
193  228 790 920 $
194  229 435 1091 $
195  230 787 1176 $
196  232 722 1001 $
197  233 659 1081 $
198  234 502 869 $
199  235 443 845 $
200  237 709 1031 $
201  238 621 972 $
202  239 608 831 $
203  240 802 836 $
204  241 500 891 $
205  244 806 933 $
206  246 679 838 $
207  248 510 916 $
208  252 694 915 $
209  254 530 1038 $
210  255 624 1014 $
211  256 685 1119 $
212  257 467 893 $
213  258 605 1153 $
214  261 594 738 $
215  262 535 1006 $
216  263 762 874 $
217  264 794 884 $
218  265 717 1121 $
219  266 453 1008 $
220  267 468 987 $
221  270 821 978 $
222  273 776 1072 $
223  274 631 888 $
224  275 456 873 $
225  276 515 1088 $
226  278 572 1123 $
227  279 757 885 $
228  280 404 628 $
229  282 547 1011 $
230  284 730 1132 $
231  285 403 928 $
232  286 397 1050 $
233  287 538 923 $
234  293 528 571 $
235  295 661 752 $
236  297 444 957 $
237  303 657 1060 $
238  306 784 992 $
239  308 765 892 $
240  310 581 966 $
241  311 819 1010 $
242  312 796 1172 $
243  313 645 958 $
244  314 734 1017 $
245  315 650 1063 $
246  316 630 1152 $
247  317 441 1083 $
248  319 540 1101 $
249  323 482 1058 $
250  325 447 996 $
251  328 544 988 $
252  331 428 1117 $
253  332 449 1045 $
254  333 634 854 $
255  334 457 1131 $
256  336 699 1068 $
257  337 812 954 $
258  339 567 886 $
259  340 816 1166 $
260  343 437 1061 $
261  344 494 832 $
262  345 520 1161 $
263  349 490 994 $
264  351 739 1079 $
265  353 805 870 $
266  354 582 1124 $
267  355 532 965 $
268  357 724 1085 $
269  359 440 1013 $
270  361 660 927 $
271  362 590 1158 $
272  364 822 847 $
273  365 654 872 $
274  366 672 862 $
275  367 651 1098 $
276  368 733 993 $
277  369 652 973 $
278  370 539 963 $
279  372 564 1154 $
280  375 569 1141 $
281  377 461 1055 $
282  378 517 1048 $
283  379 423 924 $
284  380 615 908 $
285  382 803 1009 $
286  383 723 925 $
287  384 669 833 $
288  385 462 1016 $
289  386 644 1044 $
290  451 551 584 $
291  18 400 $
292  24 786 $
293  30 683 $
294  32 744 $
295  38 814 $
296  39 593 $
297  46 519 $
298  47 523 $
299  52 541 $
300  57 402 $
301  59 737 $
302  70 495 $
303  79 677 $
304  83 542 $
305  84 559 $
306  94 792 $
307  101 688 $
308  109 471 $
309  118 552 $
310  121 580 $
311  132 755 $
312  139 429 $
313  149 764 $
314  150 524 $
315  154 706 $
316  174 698 $
317  175 663 $
318  183 549 $
319  213 727 $
320  216 807 $
321  245 588 $
322  247 675 $
323  250 613 $
324  251 735 $
325  260 445 $
326  268 811 $
327  269 769 $
328  272 696 $
329  281 653 $
330  283 701 $
331  290 609 $
332  298 788 $
333  304 708 $
334  305 773 $
335  307 656 $
336  318 715 $
337  320 789 $
338  322 798 $
339  327 537 $
340  348 577 $
341  350 712 $
342  352 614 $
343  360 543 $
344  363 498 $
345  371 766 $
346  374 424 $
347  381 476 $
348  393 824 $
349  633 1034 $
350  37 $
351  93 $
352  189 $
353  309 $
354  396 $
355  407 $
356  416 $
357  426 $
358  448 $
359  454 $
360  463 $
361  483 $
362  499 $
363  533 $
364  576 $
365  625 $
366  638 $
367  643 $
368  666 $
369  681 $
370  687 $
371  691 $
372  692 $
373  702 $
374  705 $
375  714 $
376  716 $
377  726 $
378  729 $
379  742 $
380  749 $
381  760 $
382  767 $
383  779 $
384  808 $
385  837 $
386  842 $
387  865 $
388  866 $
389  867 $
390  879 $
391  881 $
392  896 $
393  898 $
394  900 $
395  903 $
396  910 $
397  912 $
398  922 $
399  929 $
400  931 $
401  945 $
402  952 $
403  955 $
404  956 $
405  959 $
406  968 $
407  976 $
408  998 $
409  1021 $
410  1022 $
411  1024 $
412  1025 $
413  1026 $
414  1047 $
415  1052 $
416  1062 $
417  1076 $
418  1084 $
419  1086 $
420  1089 $
421  1093 $
422  1094 $
423  1095 $
424  1096 $
425  1097 $
426  1099 $
427  1102 $
428  1103 $
429  1106 $
430  1125 $
431  1134 $
432  1139 $
433  1142 $
)
